  2.000000000000000E-003  2.000000000000000E-003 -0.288347146913637     
  2.000000000000000E-003  0.298270416666667      -0.288830037577270     
  2.000000000000000E-003  0.594540833333333      -0.281652207844168     
  2.000000000000000E-003  0.890811250000000      -0.271580337459148     
  2.000000000000000E-003   1.18708166666667      -0.260772468907814     
  2.000000000000000E-003   1.48335208333333      -0.250045649056840     
  2.000000000000000E-003   1.77962250000000      -0.239833803949462     
  2.000000000000000E-003   2.07589291666667      -0.230318201055597     
  2.000000000000000E-003   2.37216333333333      -0.221530699239673     
  2.000000000000000E-003   2.66843375000000      -0.213435866319001     
  2.000000000000000E-003   2.96470416666667      -0.205843628979009     
  2.000000000000000E-003   3.26097458333333      -0.198583060613904     
  2.000000000000000E-003   3.55724500000000      -0.191521015934002     
  2.000000000000000E-003   3.85351541666667      -0.184597803596686     
  2.000000000000000E-003   4.14978583333333      -0.177853473836134     
  2.000000000000000E-003   4.44605625000000      -0.171403660439909     
  2.000000000000000E-003   4.74232666666667      -0.165385865708728     
  2.000000000000000E-003   5.03859708333333      -0.159908688852619     
  2.000000000000000E-003   5.33486750000000      -0.155048470842296     
  2.000000000000000E-003   5.63113791666667      -0.150811723984886     
  2.000000000000000E-003   5.92740833333333      -0.147152764689527     
  2.000000000000000E-003   6.22367875000000      -0.143953973866438     
  2.000000000000000E-003   6.51994916666667      -0.141011233499371     
  2.000000000000000E-003   6.81621958333333      -0.137830214796805     
  2.000000000000000E-003   7.11249000000000      -0.133728720246279     
  0.298270416666667       2.000000000000000E-003 -0.313822416323436     
  0.298270416666667       0.298270416666667      -0.307083010291608     
  0.298270416666667       0.594540833333333      -0.298418178322077     
  0.298270416666667       0.890811250000000      -0.288489910081585     
  0.298270416666667        1.18708166666667      -0.277114445575697     
  0.298270416666667        1.48335208333333      -0.265305711066389     
  0.298270416666667        1.77962250000000      -0.253797823169907     
  0.298270416666667        2.07589291666667      -0.242926754108974     
  0.298270416666667        2.37216333333333      -0.232829242465393     
  0.298270416666667        2.66843375000000      -0.223536541493029     
  0.298270416666667        2.96470416666667      -0.214842600413726     
  0.298270416666667        3.26097458333333      -0.206568643667820     
  0.298270416666667        3.55724500000000      -0.198583971777081     
  0.298270416666667        3.85351541666667      -0.190833703698525     
  0.298270416666667        4.14978583333333      -0.183355247161509     
  0.298270416666667        4.44605625000000      -0.176254942295545     
  0.298270416666667        4.74232666666667      -0.169660886172792     
  0.298270416666667        5.03859708333333      -0.163677985909494     
  0.298270416666667        5.33486750000000      -0.158364524741060     
  0.298270416666667        5.63113791666667      -0.153722178506678     
  0.298270416666667        5.92740833333333      -0.149698956300142     
  0.298270416666667        6.22367875000000      -0.146168858096940     
  0.298270416666667        6.51994916666667      -0.142911526157208     
  0.298270416666667        6.81621958333333      -0.139637732499515     
  0.298270416666667        7.11249000000000      -0.136031982249394     
  0.594540833333333       2.000000000000000E-003 -0.335451603243978     
  0.594540833333333       0.298270416666667      -0.328334079978122     
  0.594540833333333       0.594540833333333      -0.317016496457846     
  0.594540833333333       0.890811250000000      -0.305865398515321     
  0.594540833333333        1.18708166666667      -0.293753180875971     
  0.594540833333333        1.48335208333333      -0.280960413108596     
  0.594540833333333        1.77962250000000      -0.268227090646754     
  0.594540833333333        2.07589291666667      -0.256032036145232     
  0.594540833333333        2.37216333333333      -0.244639510350198     
  0.594540833333333        2.66843375000000      -0.234097988140491     
  0.594540833333333        2.96470416666667      -0.224221936639546     
  0.594540833333333        3.26097458333333      -0.214844465253773     
  0.594540833333333        3.55724500000000      -0.205846144839860     
  0.594540833333333        3.85351541666667      -0.197184177962637     
  0.594540833333333        4.14978583333333      -0.188898366741628     
  0.594540833333333        4.44605625000000      -0.181085531861345     
  0.594540833333333        4.74232666666667      -0.173858566645594     
  0.594540833333333        5.03859708333333      -0.167307565200744     
  0.594540833333333        5.33486750000000      -0.161476891842034     
  0.594540833333333        5.63113791666667      -0.156347756719653     
  0.594540833333333        5.92740833333333      -0.151865689266042     
  0.594540833333333        6.22367875000000      -0.147909353932113     
  0.594540833333333        6.51994916666667      -0.144290950522543     
  0.594540833333333        6.81621958333333      -0.140823238640946     
  0.594540833333333        7.11249000000000      -0.137133983983390     
  0.890811250000000       2.000000000000000E-003 -0.355458979569263     
  0.890811250000000       0.298270416666667      -0.350208079159996     
  0.890811250000000       0.594540833333333      -0.338943427950708     
  0.890811250000000       0.890811250000000      -0.326019758138703     
  0.890811250000000        1.18708166666667      -0.312206451258945     
  0.890811250000000        1.48335208333333      -0.297850388803029     
  0.890811250000000        1.77962250000000      -0.283565405144356     
  0.890811250000000        2.07589291666667      -0.269880243417237     
  0.890811250000000        2.37216333333333      -0.257112540176772     
  0.890811250000000        2.66843375000000      -0.245237741251000     
  0.890811250000000        2.96470416666667      -0.234102181785224     
  0.890811250000000        3.26097458333333      -0.223542117394590     
  0.890811250000000        3.55724500000000      -0.213441257978634     
  0.890811250000000        3.85351541666667      -0.203771382012392     
  0.890811250000000        4.14978583333333      -0.194586607161763     
  0.890811250000000        4.44605625000000      -0.185981917346119     
  0.890811250000000        4.74232666666667      -0.178051259374694     
  0.890811250000000        5.03859708333333      -0.170863645905237     
  0.890811250000000        5.33486750000000      -0.164447217109667     
  0.890811250000000        5.63113791666667      -0.158771303596371     
  0.890811250000000        5.92740833333333      -0.153783350069751     
  0.890811250000000        6.22367875000000      -0.149377346352908     
  0.890811250000000        6.51994916666667      -0.145386051067297     
  0.890811250000000        6.81621958333333      -0.141580701477206     
  0.890811250000000        7.11249000000000      -0.137649628754305     
   1.18708166666667       2.000000000000000E-003 -0.378436255842504     
   1.18708166666667       0.298270416666667      -0.374165828408955     
   1.18708166666667       0.594540833333333      -0.363361242512300     
   1.18708166666667       0.890811250000000      -0.349078418623817     
   1.18708166666667        1.18708166666667      -0.333143738833883     
   1.18708166666667        1.48335208333333      -0.316591927185686     
   1.18708166666667        1.77962250000000      -0.300270249764608     
   1.18708166666667        2.07589291666667      -0.284818992156101     
   1.18708166666667        2.37216333333333      -0.270456172665202     
   1.18708166666667        2.66843375000000      -0.257120461407702     
   1.18708166666667        2.96470416666667      -0.244651317292076     
   1.18708166666667        3.26097458333333      -0.232841307833125     
   1.18708166666667        3.55724500000000      -0.221540696340976     
   1.18708166666667        3.85351541666667      -0.210735531092079     
   1.18708166666667        4.14978583333333      -0.200524837495892     
   1.18708166666667        4.44605625000000      -0.191025837324086     
   1.18708166666667        4.74232666666667      -0.182312017040042     
   1.18708166666667        5.03859708333333      -0.174416587419254     
   1.18708166666667        5.33486750000000      -0.167350066189276     
   1.18708166666667        5.63113791666667      -0.161085331395683     
   1.18708166666667        5.92740833333333      -0.155567026051860     
   1.18708166666667        6.22367875000000      -0.150697458614996     
   1.18708166666667        6.51994916666667      -0.146305999434965     
   1.18708166666667        6.81621958333333      -0.142156087633543     
   1.18708166666667        7.11249000000000      -0.138015377281402     
   1.48335208333333       2.000000000000000E-003 -0.405811197954173     
   1.48335208333333       0.298270416666667      -0.401773591172538     
   1.48335208333333       0.594540833333333      -0.390710542959684     
   1.48335208333333       0.890811250000000      -0.374966472793554     
   1.48335208333333        1.18708166666667      -0.356616172422670     
   1.48335208333333        1.48335208333333      -0.337391079348918     
   1.48335208333333        1.77962250000000      -0.318636773056945     
   1.48335208333333        2.07589291666667      -0.301067288835868     
   1.48335208333333        2.37216333333333      -0.284831019451370     
   1.48335208333333        2.66843375000000      -0.269900598786350     
   1.48335208333333        2.96470416666667      -0.256055579753767     
   1.48335208333333        3.26097458333333      -0.242948472319442     
   1.48335208333333        3.55724500000000      -0.230334524539443     
   1.48335208333333        3.85351541666667      -0.218205162001541     
   1.48335208333333        4.14978583333333      -0.206764648377233     
   1.48335208333333        4.44605625000000      -0.196235304064575     
   1.48335208333333        4.74232666666667      -0.186660872292000     
   1.48335208333333        5.03859708333333      -0.178003671484330     
   1.48335208333333        5.33486750000000      -0.170237471741733     
   1.48335208333333        5.63113791666667      -0.163349567632064     
   1.48335208333333        5.92740833333333      -0.157287460063850     
   1.48335208333333        6.22367875000000      -0.151958962226886     
   1.48335208333333        6.51994916666667      -0.147184545972613     
   1.48335208333333        6.81621958333333      -0.142730787842266     
   1.48335208333333        7.11249000000000      -0.138399133330781     
   1.77962250000000       2.000000000000000E-003 -0.437538459066896     
   1.77962250000000       0.298270416666667      -0.433341505163930     
   1.77962250000000       0.594540833333333      -0.421281873062757     
   1.77962250000000       0.890811250000000      -0.403499134981402     
   1.77962250000000        1.18708166666667      -0.382379510589992     
   1.77962250000000        1.48335208333333      -0.360211573518350     
   1.77962250000000        1.77962250000000      -0.338733601324355     
   1.77962250000000        2.07589291666667      -0.318652454227004     
   1.77962250000000        2.37216333333333      -0.300298164280437     
   1.77962250000000        2.66843375000000      -0.283600589891685     
   1.77962250000000        2.96470416666667      -0.268263725444622     
   1.77962250000000        3.26097458333333      -0.253829943200674     
   1.77962250000000        3.55724500000000      -0.239857458713563     
   1.77962250000000        3.85351541666667      -0.226285667184949     
   1.77962250000000        4.14978583333333      -0.213414736188578     
   1.77962250000000        4.44605625000000      -0.201621285638316     
   1.77962250000000        4.74232666666667      -0.191045386944094     
   1.77962250000000        5.03859708333333      -0.181598378756093     
   1.77962250000000        5.33486750000000      -0.173114173571784     
   1.77962250000000        5.63113791666667      -0.165577196300811     
   1.77962250000000        5.92740833333333      -0.158973026422395     
   1.77962250000000        6.22367875000000      -0.153208401579153     
   1.77962250000000        6.51994916666667      -0.148093351323481     
   1.77962250000000        6.81621958333333      -0.143384551694178     
   1.77962250000000        7.11249000000000      -0.138880700481935     
   2.07589291666667       2.000000000000000E-003 -0.472846377286803     
   2.07589291666667       0.298270416666667      -0.468006735901272     
   2.07589291666667       0.594540833333333      -0.454525491557159     
   2.07589291666667       0.890811250000000      -0.434222323674375     
   2.07589291666667        1.18708166666667      -0.410195726143692     
   2.07589291666667        1.48335208333333      -0.384878406136394     
   2.07589291666667        1.77962250000000      -0.360230087389868     
   2.07589291666667        2.07589291666667      -0.337426682656855     
   2.07589291666667        2.37216333333333      -0.316636834914097     
   2.07589291666667        2.66843375000000      -0.297901194999303     
   2.07589291666667        2.96470416666667      -0.281012684056164     
   2.07589291666667        3.26097458333333      -0.265351161608088     
   2.07589291666667        3.55724500000000      -0.250079397953224     
   2.07589291666667        3.85351541666667      -0.234924549158123     
   2.07589291666667        4.14978583333333      -0.220426766463835     
   2.07589291666667        4.44605625000000      -0.207223624204864     
   2.07589291666667        4.74232666666667      -0.195495235399694     
   2.07589291666667        5.03859708333333      -0.185127646794473     
   2.07589291666667        5.33486750000000      -0.175925830930293     
   2.07589291666667        5.63113791666667      -0.167755831522139     
   2.07589291666667        5.92740833333333      -0.160617851531486     
   2.07589291666667        6.22367875000000      -0.154444483776399     
   2.07589291666667        6.51994916666667      -0.149036362008704     
   2.07589291666667        6.81621958333333      -0.144123226934218     
   2.07589291666667        7.11249000000000      -0.139473825534403     
   2.37216333333333       2.000000000000000E-003 -0.510627269969354     
   2.37216333333333       0.298270416666667      -0.505301538132744     
   2.37216333333333       0.594540833333333      -0.490074304172328     
   2.37216333333333       0.890811250000000      -0.467094128496840     
   2.37216333333333        1.18708166666667      -0.439377977050315     
   2.37216333333333        1.48335208333333      -0.410212339741968     
   2.37216333333333        1.77962250000000      -0.382415859557932     
   2.37216333333333        2.07589291666667      -0.356671024678424     
   2.37216333333333        2.37216333333333      -0.333204320817365     
   2.37216333333333        2.66843375000000      -0.312271134993990     
   2.37216333333333        2.96470416666667      -0.293819109622460     
   2.37216333333333        3.26097458333333      -0.277177855145852     
   2.37216333333333        3.55724500000000      -0.260816582730197     
   2.37216333333333        3.85351541666667      -0.243933327555090     
   2.37216333333333        4.14978583333333      -0.227615628543532     
   2.37216333333333        4.44605625000000      -0.212940946983914     
   2.37216333333333        4.74232666666667      -0.199974804790399     
   2.37216333333333        5.03859708333333      -0.188545735543295     
   2.37216333333333        5.33486750000000      -0.178552191359866     
   2.37216333333333        5.63113791666667      -0.169809659518607     
   2.37216333333333        5.92740833333333      -0.162187194369532     
   2.37216333333333        6.22367875000000      -0.155639418158202     
   2.37216333333333        6.51994916666667      -0.149977942726985     
   2.37216333333333        6.81621958333333      -0.144902634617593     
   2.37216333333333        7.11249000000000      -0.140141961727824     
   2.66843375000000       2.000000000000000E-003 -0.549704664672193     
   2.66843375000000       0.298270416666667      -0.543537262078519     
   2.66843375000000       0.594540833333333      -0.525826201146188     
   2.66843375000000       0.890811250000000      -0.499088520242877     
   2.66843375000000        1.18708166666667      -0.467103745444252     
   2.66843375000000        1.48335208333333      -0.434258320814865     
   2.66843375000000        1.77962250000000      -0.403561450101507     
   2.66843375000000        2.07589291666667      -0.375042354051106     
   2.66843375000000        2.37216333333333      -0.349156794971136     
   2.66843375000000        2.66843375000000      -0.326097326789461     
   2.66843375000000        2.96470416666667      -0.305943625105368     
   2.66843375000000        3.26097458333333      -0.288568808877169     
   2.66843375000000        3.55724500000000      -0.271633860843397     
   2.66843375000000        3.85351541666667      -0.252887670818370     
   2.66843375000000        4.14978583333333      -0.234827895588308     
   2.66843375000000        4.44605625000000      -0.218861857810660     
   2.66843375000000        4.74232666666667      -0.204535057961296     
   2.66843375000000        5.03859708333333      -0.191817488070573     
   2.66843375000000        5.33486750000000      -0.180876260373404     
   2.66843375000000        5.63113791666667      -0.171601859303287     
   2.66843375000000        5.92740833333333      -0.163598211309159     
   2.66843375000000        6.22367875000000      -0.156738978610225     
   2.66843375000000        6.51994916666667      -0.150859965876804     
   2.66843375000000        6.81621958333333      -0.145649929778333     
   2.66843375000000        7.11249000000000      -0.140799861586884     
   2.96470416666667       2.000000000000000E-003 -0.583475895246695     
   2.96470416666667       0.298270416666667      -0.576397615455191     
   2.96470416666667       0.594540833333333      -0.556153834691042     
   2.96470416666667       0.890811250000000      -0.525834562333647     
   2.96470416666667        1.18708166666667      -0.490094440708305     
   2.96470416666667        1.48335208333333      -0.454590044729312     
   2.96470416666667        1.77962250000000      -0.421346092171166     
   2.96470416666667        2.07589291666667      -0.390800686848624     
   2.96470416666667        2.37216333333333      -0.363457198676388     
   2.96470416666667        2.66843375000000      -0.339042735674487     
   2.96470416666667        2.96470416666667      -0.317104865129085     
   2.96470416666667        3.26097458333333      -0.298506735627113     
   2.96470416666667        3.55724500000000      -0.281716199017165     
   2.96470416666667        3.85351541666667      -0.261253190724444     
   2.96470416666667        4.14978583333333      -0.242527584001379     
   2.96470416666667        4.44605625000000      -0.225468902287002     
   2.96470416666667        4.74232666666667      -0.209260145825878     
   2.96470416666667        5.03859708333333      -0.194855960849068     
   2.96470416666667        5.33486750000000      -0.182799397157345     
   2.96470416666667        5.63113791666667      -0.172967843206101     
   2.96470416666667        5.92740833333333      -0.164728604388436     
   2.96470416666667        6.22367875000000      -0.157648699384220     
   2.96470416666667        6.51994916666667      -0.151604806888030     
   2.96470416666667        6.81621958333333      -0.146289273630983     
   2.96470416666667        7.11249000000000      -0.141368758250838     
   3.26097458333333       2.000000000000000E-003 -0.606392718635913     
   3.26097458333333       0.298270416666667      -0.598576554159767     
   3.26097458333333       0.594540833333333      -0.576420327119632     
   3.26097458333333       0.890811250000000      -0.543563678673447     
   3.26097458333333        1.18708166666667      -0.505336239354319     
   3.26097458333333        1.48335208333333      -0.468072053852758     
   3.26097458333333        1.77962250000000      -0.433405615604879     
   3.26097458333333        2.07589291666667      -0.401857121098455     
   3.26097458333333        2.37216333333333      -0.374275112400836     
   3.26097458333333        2.66843375000000      -0.350328088452244     
   3.26097458333333        2.96470416666667      -0.328447964588547     
   3.26097458333333        3.26097458333333      -0.307172952818568     
   3.26097458333333        3.55724500000000      -0.288874796888605     
   3.26097458333333        3.85351541666667      -0.269452358289143     
   3.26097458333333        4.14978583333333      -0.252207210042518     
   3.26097458333333        4.44605625000000      -0.232634080335229     
   3.26097458333333        4.74232666666667      -0.213542621572090     
   3.26097458333333        5.03859708333333      -0.197235060482838     
   3.26097458333333        5.33486750000000      -0.184131822171564     
   3.26097458333333        5.63113791666667      -0.173831661140200     
   3.26097458333333        5.92740833333333      -0.165458224704554     
   3.26097458333333        6.22367875000000      -0.158255782637166     
   3.26097458333333        6.51994916666667      -0.152110841220756     
   3.26097458333333        6.81621958333333      -0.146727294311982     
   3.26097458333333        7.11249000000000      -0.141760080918855     
   3.55724500000000       2.000000000000000E-003 -0.614574304944051     
   3.55724500000000       0.298270416666667      -0.606445425726584     
   3.55724500000000       0.594540833333333      -0.583543231671715     
   3.55724500000000       0.890811250000000      -0.549761540353559     
   3.55724500000000        1.18708166666667      -0.510677244249448     
   3.55724500000000        1.48335208333333      -0.472917517041920     
   3.55724500000000        1.77962250000000      -0.437597923578075     
   3.55724500000000        2.07589291666667      -0.405883945025395     
   3.55724500000000        2.37216333333333      -0.378516616295319     
   3.55724500000000        2.66843375000000      -0.355543185956544     
   3.55724500000000        2.96470416666667      -0.335529749419343     
   3.55724500000000        3.26097458333333      -0.313847246815862     
   3.55724500000000        3.55724500000000      -0.288381666573137     
   3.55724500000000        3.85351541666667      -0.275791186688407     
   3.55724500000000        4.14978583333333      -0.258762237595121     
   3.55724500000000        4.44605625000000      -0.236335365026574     
   3.55724500000000        4.74232666666667      -0.215409061167464     
   3.55724500000000        5.03859708333333      -0.198172573062923     
   3.55724500000000        5.33486750000000      -0.184626332098289     
   3.55724500000000        5.63113791666667      -0.174126552870125     
   3.55724500000000        5.92740833333333      -0.165710108816334     
   3.55724500000000        6.22367875000000      -0.158470627223443     
   3.55724500000000        6.51994916666667      -0.152292166663075     
   3.55724500000000        6.81621958333333      -0.146885050060196     
   3.55724500000000        7.11249000000000      -0.141901182974732     
   3.85351541666667       2.000000000000000E-003 -0.606394309276881     
   3.85351541666667       0.298270416666667      -0.598575690577546     
   3.85351541666667       0.594540833333333      -0.576417929398817     
   3.85351541666667       0.890811250000000      -0.543561478958313     
   3.85351541666667        1.18708166666667      -0.505336769214702     
   3.85351541666667        1.48335208333333      -0.468079290484524     
   3.85351541666667        1.77962250000000      -0.433422507188443     
   3.85351541666667        2.07589291666667      -0.401886632835785     
   3.85351541666667        2.37216333333333      -0.374321785279193     
   3.85351541666667        2.66843375000000      -0.350395002998506     
   3.85351541666667        2.96470416666667      -0.328519445718007     
   3.85351541666667        3.26097458333333      -0.307180834592915     
   3.85351541666667        3.55724500000000      -0.288890006216097     
   3.85351541666667        3.85351541666667      -0.269467712914413     
   3.85351541666667        4.14978583333333      -0.252142813072109     
   3.85351541666667        4.44605625000000      -0.232574369776063     
   3.85351541666667        4.74232666666667      -0.213505641007904     
   3.85351541666667        5.03859708333333      -0.197215782590708     
   3.85351541666667        5.33486750000000      -0.184123799876127     
   3.85351541666667        5.63113791666667      -0.173830241612778     
   3.85351541666667        5.92740833333333      -0.165460125830466     
   3.85351541666667        6.22367875000000      -0.158259201070535     
   3.85351541666667        6.51994916666667      -0.152114886125942     
   3.85351541666667        6.81621958333333      -0.146731508783045     
   3.85351541666667        7.11249000000000      -0.141764207366639     
   4.14978583333333       2.000000000000000E-003 -0.583478798281379     
   4.14978583333333       0.298270416666667      -0.576396565905832     
   4.14978583333333       0.594540833333333      -0.556150244371562     
   4.14978583333333       0.890811250000000      -0.525830987884689     
   4.14978583333333        1.18708166666667      -0.490094364288561     
   4.14978583333333        1.48335208333333      -0.454598883356546     
   4.14978583333333        1.77962250000000      -0.421367323037782     
   4.14978583333333        2.07589291666667      -0.390835164429320     
   4.14978583333333        2.37216333333333      -0.363502780415115     
   4.14978583333333        2.66843375000000      -0.339085719814215     
   4.14978583333333        2.96470416666667      -0.317107086713654     
   4.14978583333333        3.26097458333333      -0.298453217122331     
   4.14978583333333        3.55724500000000      -0.281753010938364     
   4.14978583333333        3.85351541666667      -0.261352845590386     
   4.14978583333333        4.14978583333333      -0.242538521246040     
   4.14978583333333        4.44605625000000      -0.225431565173376     
   4.14978583333333        4.74232666666667      -0.209223024689725     
   4.14978583333333        5.03859708333333      -0.194832651316892     
   4.14978583333333        5.33486750000000      -0.182789109507308     
   4.14978583333333        5.63113791666667      -0.172966449274244     
   4.14978583333333        5.92740833333333      -0.164731849209806     
   4.14978583333333        6.22367875000000      -0.157653946103080     
   4.14978583333333        6.51994916666667      -0.151610744863035     
   4.14978583333333        6.81621958333333      -0.146295365837627     
   4.14978583333333        7.11249000000000      -0.141374849730596     
   4.44605625000000       2.000000000000000E-003 -0.549708370049090     
   4.44605625000000       0.298270416666667      -0.543537398056618     
   4.44605625000000       0.594540833333333      -0.525823631339896     
   4.44605625000000       0.890811250000000      -0.499085078360233     
   4.44605625000000        1.18708166666667      -0.467101995365501     
   4.44605625000000        1.48335208333333      -0.434261822856384     
   4.44605625000000        1.77962250000000      -0.403572834217083     
   4.44605625000000        2.07589291666667      -0.375058144653043     
   4.44605625000000        2.37216333333333      -0.349167947518317     
   4.44605625000000        2.66843375000000      -0.326086392503063     
   4.44605625000000        2.96470416666667      -0.305892848482900     
   4.44605625000000        3.26097458333333      -0.288507228217615     
   4.44605625000000        3.55724500000000      -0.271647382972570     
   4.44605625000000        3.85351541666667      -0.252962153876842     
   4.44605625000000        4.14978583333333      -0.234871496445050     
   4.44605625000000        4.44605625000000      -0.218860735214266     
   4.44605625000000        4.74232666666667      -0.204517331556782     
   4.44605625000000        5.03859708333333      -0.191802104238823     
   4.44605625000000        5.33486750000000      -0.180869019928266     
   4.44605625000000        5.63113791666667      -0.171601562801405     
   4.44605625000000        5.92740833333333      -0.163601299425339     
   4.44605625000000        6.22367875000000      -0.156742923345834     
   4.44605625000000        6.51994916666667      -0.150863664843399     
   4.44605625000000        6.81621958333333      -0.145653462476330     
   4.44605625000000        7.11249000000000      -0.140803886667107     
   4.74232666666667       2.000000000000000E-003 -0.510631249134578     
   4.74232666666667       0.298270416666667      -0.505304863253366     
   4.74232666666667       0.594540833333333      -0.490075834535699     
   4.74232666666667       0.890811250000000      -0.467093007285062     
   4.74232666666667        1.18708166666667      -0.439374481321482     
   4.74232666666667        1.48335208333333      -0.410207382692012     
   4.74232666666667        1.77962250000000      -0.382409925290647     
   4.74232666666667        2.07589291666667      -0.356659697565956     
   4.74232666666667        2.37216333333333      -0.333179043379614     
   4.74232666666667        2.66843375000000      -0.312222559082152     
   4.74232666666667        2.96470416666667      -0.293748325979562     
   4.74232666666667        3.26097458333333      -0.277114445560791     
   4.74232666666667        3.55724500000000      -0.260801919060326     
   4.74232666666667        3.85351541666667      -0.243962833687782     
   4.74232666666667        4.14978583333333      -0.227646378606826     
   4.74232666666667        4.44605625000000      -0.212951428207742     
   4.74232666666667        4.74232666666667      -0.199971307687323     
   4.74232666666667        5.03859708333333      -0.188539622662174     
   4.74232666666667        5.33486750000000      -0.178549380585300     
   4.74232666666667        5.63113791666667      -0.169809950196120     
   4.74232666666667        5.92740833333333      -0.162187556893377     
   4.74232666666667        6.22367875000000      -0.155637563548606     
   4.74232666666667        6.51994916666667      -0.149973449320859     
   4.74232666666667        6.81621958333333      -0.144897166160677     
   4.74232666666667        7.11249000000000      -0.140138244973626     
   5.03859708333333       2.000000000000000E-003 -0.472850169527788     
   5.03859708333333       0.298270416666667      -0.468016705167938     
   5.03859708333333       0.594540833333333      -0.454535984910543     
   5.03859708333333       0.890811250000000      -0.434226708488023     
   5.03859708333333        1.18708166666667      -0.410191113762464     
   5.03859708333333        1.48335208333333      -0.384864681415485     
   5.03859708333333        1.77962250000000      -0.360207182914623     
   5.03859708333333        2.07589291666667      -0.337392078689551     
   5.03859708333333        2.37216333333333      -0.316586450852227     
   5.03859708333333        2.66843375000000      -0.297833933724217     
   5.03859708333333        2.96470416666667      -0.280936819609864     
   5.03859708333333        3.26097458333333      -0.265287108368371     
   5.03859708333333        3.55724500000000      -0.250047485717209     
   5.03859708333333        3.85351541666667      -0.234923711415781     
   5.03859708333333        4.14978583333333      -0.220437660801393     
   5.03859708333333        4.44605625000000      -0.207231058215890     
   5.03859708333333        4.74232666666667      -0.195496877417469     
   5.03859708333333        5.03859708333333      -0.185127453945707     
   5.03859708333333        5.33486750000000      -0.175926392903286     
   5.03859708333333        5.63113791666667      -0.167755262143377     
   5.03859708333333        5.92740833333333      -0.160612456854466     
   5.03859708333333        6.22367875000000      -0.154431284607417     
   5.03859708333333        6.51994916666667      -0.149015506018141     
   5.03859708333333        6.81621958333333      -0.144099334064782     
   5.03859708333333        7.11249000000000      -0.139454359199205     
   5.33486750000000       2.000000000000000E-003 -0.437541756768894     
   5.33486750000000       0.298270416666667      -0.433360885280039     
   5.33486750000000       0.594540833333333      -0.421304703570954     
   5.33486750000000       0.890811250000000      -0.403511343550863     
   5.33486750000000        1.18708166666667      -0.382373998363689     
   5.33486750000000        1.48335208333333      -0.360188805493626     
   5.33486750000000        1.77962250000000      -0.338696635368361     
   5.33486750000000        2.07589291666667      -0.318602524712921     
   5.33486750000000        2.37216333333333      -0.300235186032557     
   5.33486750000000        2.66843375000000      -0.283527953240342     
   5.33486750000000        2.96470416666667      -0.268190466279107     
   5.33486750000000        3.26097458333333      -0.253769167043075     
   5.33486750000000        3.55724500000000      -0.239819626917054     
   5.33486750000000        3.85351541666667      -0.226270398037444     
   5.33486750000000        4.14978583333333      -0.213412838030947     
   5.33486750000000        4.44605625000000      -0.201623679690832     
   5.33486750000000        4.74232666666667      -0.191048452051831     
   5.33486750000000        5.03859708333333      -0.181602092716650     
   5.33486750000000        5.33486750000000      -0.173117195414057     
   5.33486750000000        5.63113791666667      -0.165575397677587     
   5.33486750000000        5.92740833333333      -0.158959980821891     
   5.33486750000000        6.22367875000000      -0.153177345406391     
   5.33486750000000        6.51994916666667      -0.148043596275943     
   5.33486750000000        6.81621958333333      -0.143326441836014     
   5.33486750000000        7.11249000000000      -0.138831964527900     
   5.63113791666667       2.000000000000000E-003 -0.405813493304055     
   5.63113791666667       0.298270416666667      -0.401804763254239     
   5.63113791666667       0.594540833333333      -0.390745982639669     
   5.63113791666667       0.890811250000000      -0.374982783707393     
   5.63113791666667        1.18708166666667      -0.356605109842342     
   5.63113791666667        1.48335208333333      -0.337356602075944     
   5.63113791666667        1.77962250000000      -0.318586891144064     
   5.63113791666667        2.07589291666667      -0.301007078881065     
   5.63113791666667        2.37216333333333      -0.284763941806329     
   5.63113791666667        2.66843375000000      -0.269830972571850     
   5.63113791666667        2.96470416666667      -0.255989950733214     
   5.63113791666667        3.26097458333333      -0.242895100700270     
   5.63113791666667        3.55724500000000      -0.230298509247128     
   5.63113791666667        3.85351541666667      -0.218186161356789     
   5.63113791666667        4.14978583333333      -0.206757945966615     
   5.63113791666667        4.44605625000000      -0.196235943369837     
   5.63113791666667        4.74232666666667      -0.186666042338932     
   5.63113791666667        5.03859708333333      -0.178011464355507     
   5.63113791666667        5.33486750000000      -0.170244724970930     
   5.63113791666667        5.63113791666667      -0.163349783546372     
   5.63113791666667        5.92740833333333      -0.157268459971803     
   5.63113791666667        6.22367875000000      -0.151906035596441     
   5.63113791666667        6.51994916666667      -0.147091955079825     
   5.63113791666667        6.81621958333333      -0.142616501959421     
   5.63113791666667        7.11249000000000      -0.138301859805416     
   5.92740833333333       2.000000000000000E-003 -0.378437357314592     
   5.92740833333333       0.298270416666667      -0.374213022382044     
   5.92740833333333       0.594540833333333      -0.363407081555299     
   5.92740833333333       0.890811250000000      -0.349089726267234     
   5.92740833333333        1.18708166666667      -0.333118556618597     
   5.92740833333333        1.48335208333333      -0.316541573736479     
   5.92740833333333        1.77962250000000      -0.300207279967827     
   5.92740833333333        2.07589291666667      -0.284751903758741     
   5.92740833333333        2.37216333333333      -0.270388314759195     
   5.92740833333333        2.66843375000000      -0.257055884935852     
   5.92740833333333        2.96470416666667      -0.244594649188737     
   5.92740833333333        3.26097458333333      -0.232796644958889     
   5.92740833333333        3.55724500000000      -0.221510115348072     
   5.92740833333333        3.85351541666667      -0.210718446131858     
   5.92740833333333        4.14978583333333      -0.200518862347322     
   5.92740833333333        4.44605625000000      -0.191028458839221     
   5.92740833333333        4.74232666666667      -0.182321378678269     
   5.92740833333333        5.03859708333333      -0.174431054950174     
   5.92740833333333        5.33486750000000      -0.167366835262605     
   5.92740833333333        5.63113791666667      -0.161096450797985     
   5.92740833333333        5.92740833333333      -0.155554726135358     
   5.92740833333333        6.22367875000000      -0.150633317340673     
   5.92740833333333        6.51994916666667      -0.146165918570029     
   5.92740833333333        6.81621958333333      -0.141961536834037     
   5.92740833333333        7.11249000000000      -0.137846954810896     
   6.22367875000000       2.000000000000000E-003 -0.355459029512273     
   6.22367875000000       0.298270416666667      -0.350274505469853     
   6.22367875000000       0.594540833333333      -0.338985976922571     
   6.22367875000000       0.890811250000000      -0.326008631822795     
   6.22367875000000        1.18708166666667      -0.312157765387997     
   6.22367875000000        1.48335208333333      -0.297783035518022     
   6.22367875000000        1.77962250000000      -0.283492701936392     
   6.22367875000000        2.07589291666667      -0.269810570507319     
   6.22367875000000        2.37216333333333      -0.257047917100143     
   6.22367875000000        2.66843375000000      -0.245180074068044     
   6.22367875000000        2.96470416666667      -0.234054198766230     
   6.22367875000000        3.26097458333333      -0.223505878270012     
   6.22367875000000        3.55724500000000      -0.213417417831227     
   6.22367875000000        3.85351541666667      -0.203759256945817     
   6.22367875000000        4.14978583333333      -0.194584870802042     
   6.22367875000000        4.44605625000000      -0.185989375320270     
   6.22367875000000        4.74232666666667      -0.178067304042681     
   6.22367875000000        5.03859708333333      -0.170888324956257     
   6.22367875000000        5.33486750000000      -0.164480279093016     
   6.22367875000000        5.63113791666667      -0.158807507134442     
   6.22367875000000        5.92740833333333      -0.153805081133790     
   6.22367875000000        6.22367875000000      -0.149342738361723     
   6.22367875000000        6.51994916666667      -0.145230813977742     
   6.22367875000000        6.81621958333333      -0.141298342717357     
   6.22367875000000        7.11249000000000      -0.137395330366224     
   6.51994916666667       2.000000000000000E-003 -0.335451215919244     
   6.51994916666667       0.298270416666667      -0.328404601088015     
   6.51994916666667       0.594540833333333      -0.317018175635274     
   6.51994916666667       0.890811250000000      -0.305814293131835     
   6.51994916666667        1.18708166666667      -0.293682079995543     
   6.51994916666667        1.48335208333333      -0.280884284405149     
   6.51994916666667        1.77962250000000      -0.268153616287940     
   6.51994916666667        2.07589291666667      -0.255966298357006     
   6.51994916666667        2.37216333333333      -0.244582754084039     
   6.51994916666667        2.66843375000000      -0.234049962138439     
   6.51994916666667        2.96470416666667      -0.224183903583249     
   6.51994916666667        3.26097458333333      -0.214817413299755     
   6.51994916666667        3.55724500000000      -0.205830215377599     
   6.51994916666667        3.85351541666667      -0.197178839879004     
   6.51994916666667        4.14978583333333      -0.188902939833687     
   6.51994916666667        4.44605625000000      -0.181099710945688     
   6.51994916666667        4.74232666666667      -0.173882930862649     
   6.51994916666667        5.03859708333333      -0.167344593599523     
   6.51994916666667        5.33486750000000      -0.161529872873219     
   6.51994916666667        5.63113791666667      -0.156418714944315     
   6.51994916666667        5.92740833333333      -0.151949609018899     
   6.51994916666667        6.22367875000000      -0.147972778842889     
   6.51994916666667        6.51994916666667      -0.144232002097942     
   6.51994916666667        6.81621958333333      -0.140528030242200     
   6.51994916666667        7.11249000000000      -0.136831655542952     
   6.81621958333333       2.000000000000000E-003 -0.313822380473885     
   6.81621958333333       0.298270416666667      -0.307090099286363     
   6.81621958333333       0.594540833333333      -0.298363979563230     
   6.81621958333333       0.890811250000000      -0.288427651136976     
   6.81621958333333        1.18708166666667      -0.277050433315764     
   6.81621958333333        1.48335208333333      -0.265241205848821     
   6.81621958333333        1.77962250000000      -0.253736749096414     
   6.81621958333333        2.07589291666667      -0.242873196297867     
   6.81621958333333        2.37216333333333      -0.232784452233083     
   6.81621958333333        2.66843375000000      -0.223500226588446     
   6.81621958333333        2.96470416666667      -0.214815515260383     
   6.81621958333333        3.26097458333333      -0.206551453325813     
   6.81621958333333        3.55724500000000      -0.198576801137058     
   6.81621958333333        3.85351541666667      -0.190836264706023     
   6.81621958333333        4.14978583333333      -0.183367291428184     
   6.81621958333333        4.44605625000000      -0.176276647113071     
   6.81621958333333        4.74232666666667      -0.169693571788789     
   6.81621958333333        5.03859708333333      -0.163725704561965     
   6.81621958333333        5.33486750000000      -0.158432934402686     
   6.81621958333333        5.63113791666667      -0.153819404948166     
   6.81621958333333        5.92740833333333      -0.149835567830317     
   6.81621958333333        6.22367875000000      -0.146346230871793     
   6.81621958333333        6.51994916666667      -0.143068048785417     
   6.81621958333333        6.81621958333333      -0.139564120828630     
   6.81621958333333        7.11249000000000      -0.135846449483330     
   7.11249000000000       2.000000000000000E-003 -0.288346774666019     
   7.11249000000000       0.298270416666667      -0.288844206081137     
   7.11249000000000       0.594540833333333      -0.281687648018199     
   7.11249000000000       0.890811250000000      -0.271592763964247     
   7.11249000000000        1.18708166666667      -0.260757039899892     
   7.11249000000000        1.48335208333333      -0.250013238151743     
   7.11249000000000        1.77962250000000      -0.239795665489893     
   7.11249000000000        2.07589291666667      -0.230282007335635     
   7.11249000000000        2.37216333333333      -0.221499984869387     
   7.11249000000000        2.66843375000000      -0.213411929046906     
   7.11249000000000        2.96470416666667      -0.205827635251745     
   7.11249000000000        3.26097458333333      -0.198575841846409     
   7.11249000000000        3.55724500000000      -0.191522921677942     
   7.11249000000000        3.85351541666667      -0.184608775655208     
   7.11249000000000        4.14978583333333      -0.177873403626544     
   7.11249000000000        4.44605625000000      -0.171432715614664     
   7.11249000000000        4.74232666666667      -0.165425293500012     
   7.11249000000000        5.03859708333333      -0.159962457389318     
   7.11249000000000        5.33486750000000      -0.155120924519700     
   7.11249000000000        5.63113791666667      -0.150909806083963     
   7.11249000000000        5.92740833333333      -0.147285924115744     
   7.11249000000000        6.22367875000000      -0.144128250459358     
   7.11249000000000        6.51994916666667      -0.141199368030916     
   7.11249000000000        6.81621958333333      -0.137918127581108     
   7.11249000000000        7.11249000000000      -0.133694365046185     
