  2.000000000000000E-003  2.000000000000000E-003 -0.213082911372947     
  2.000000000000000E-003  0.298270416666667      -0.223476024516907     
  2.000000000000000E-003  0.594540833333333      -0.231221145815954     
  2.000000000000000E-003  0.890811250000000      -0.237211801024913     
  2.000000000000000E-003   1.18708166666667      -0.243150097532773     
  2.000000000000000E-003   1.48335208333333      -0.249626315821838     
  2.000000000000000E-003   1.77962250000000      -0.256732262497075     
  2.000000000000000E-003   2.07589291666667      -0.264219833672867     
  2.000000000000000E-003   2.37216333333333      -0.271598651922266     
  2.000000000000000E-003   2.66843375000000      -0.278220236479456     
  2.000000000000000E-003   2.96470416666667      -0.283590857813367     
  2.000000000000000E-003   3.26097458333333      -0.287137620765005     
  2.000000000000000E-003   3.55724500000000      -0.288381264178814     
  2.000000000000000E-003   3.85351541666667      -0.287136177705298     
  2.000000000000000E-003   4.14978583333333      -0.283586783843251     
  2.000000000000000E-003   4.44605625000000      -0.278210919662727     
  2.000000000000000E-003   4.74232666666667      -0.271579178214822     
  2.000000000000000E-003   5.03859708333333      -0.264180927664471     
  2.000000000000000E-003   5.33486750000000      -0.256662712269349     
  2.000000000000000E-003   5.63113791666667      -0.249511354698718     
  2.000000000000000E-003   5.92740833333333      -0.242971948140055     
  2.000000000000000E-003   6.22367875000000      -0.236957532894814     
  2.000000000000000E-003   6.51994916666667      -0.230924394610972     
  2.000000000000000E-003   6.81621958333333      -0.223286476339908     
  2.000000000000000E-003   7.11249000000000      -0.213020660800495     
  0.298270416666667       2.000000000000000E-003 -0.223475733423838     
  0.298270416666667       0.298270416666667      -0.232500157448650     
  0.298270416666667       0.594540833333333      -0.240817807749210     
  0.298270416666667       0.890811250000000      -0.248402915223533     
  0.298270416666667        1.18708166666667      -0.256181113195736     
  0.298270416666667        1.48335208333333      -0.264748372779502     
  0.298270416666667        1.77962250000000      -0.274149516604800     
  0.298270416666667        2.07589291666667      -0.284055233670763     
  0.298270416666667        2.37216333333333      -0.293767807281080     
  0.298270416666667        2.66843375000000      -0.302487004385127     
  0.298270416666667        2.96470416666667      -0.309572673472853     
  0.298270416666667        3.26097458333333      -0.314257501419255     
  0.298270416666667        3.55724500000000      -0.315901632389244     
  0.298270416666667        3.85351541666667      -0.314257010204547     
  0.298270416666667        4.14978583333333      -0.309570803301711     
  0.298270416666667        4.44605625000000      -0.302482009242850     
  0.298270416666667        4.74232666666667      -0.293756672432929     
  0.298270416666667        5.03859708333333      -0.284032876614672     
  0.298270416666667        5.33486750000000      -0.274111196809429     
  0.298270416666667        5.63113791666667      -0.264692601027648     
  0.298270416666667        5.92740833333333      -0.256115179550542     
  0.298270416666667        6.22367875000000      -0.248361386740366     
  0.298270416666667        6.51994916666667      -0.240885023781788     
  0.298270416666667        6.81621958333333      -0.232651127850702     
  0.298270416666667        7.11249000000000      -0.223286203774732     
  0.594540833333333       2.000000000000000E-003 -0.231220630655775     
  0.594540833333333       0.298270416666667      -0.240817413381414     
  0.594540833333333       0.594540833333333      -0.249649105150945     
  0.594540833333333       0.890811250000000      -0.259224276459661     
  0.594540833333333        1.18708166666667      -0.269720793843840     
  0.594540833333333        1.48335208333333      -0.281368682455384     
  0.594540833333333        1.77962250000000      -0.294084147026822     
  0.594540833333333        2.07589291666667      -0.307422707323420     
  0.594540833333333        2.37216333333333      -0.320494173922598     
  0.594540833333333        2.66843375000000      -0.332297271835493     
  0.594540833333333        2.96470416666667      -0.341939553381307     
  0.594540833333333        3.26097458333333      -0.348328778165884     
  0.594540833333333        3.55724500000000      -0.350572789336145     
  0.594540833333333        3.85351541666667      -0.348326451099683     
  0.594540833333333        4.14978583333333      -0.341935020018914     
  0.594540833333333        4.44605625000000      -0.332290914037524     
  0.594540833333333        4.74232666666667      -0.320486716937342     
  0.594540833333333        5.03859708333333      -0.307415718265828     
  0.594540833333333        5.33486750000000      -0.294082538613934     
  0.594540833333333        5.63113791666667      -0.281385561753764     
  0.594540833333333        5.92740833333333      -0.269783378540488     
  0.594540833333333        6.22367875000000      -0.259373946786531     
  0.594540833333333        6.51994916666667      -0.249880808497207     
  0.594540833333333        6.81621958333333      -0.240884779310538     
  0.594540833333333        7.11249000000000      -0.230924060387067     
  0.890811250000000       2.000000000000000E-003 -0.237211373555779     
  0.890811250000000       0.298270416666667      -0.248402505913622     
  0.890811250000000       0.594540833333333      -0.259224092584643     
  0.890811250000000       0.890811250000000      -0.271241301435580     
  0.890811250000000        1.18708166666667      -0.284991833445604     
  0.890811250000000        1.48335208333333      -0.300550659035567     
  0.890811250000000        1.77962250000000      -0.317711808640624     
  0.890811250000000        2.07589291666667      -0.335831993050295     
  0.890811250000000        2.37216333333333      -0.353648317391866     
  0.890811250000000        2.66843375000000      -0.370029734761935     
  0.890811250000000        2.96470416666667      -0.383540818073873     
  0.890811250000000        3.26097458333333      -0.392536141188554     
  0.890811250000000        3.55724500000000      -0.395700090179095     
  0.890811250000000        3.85351541666667      -0.392527321916160     
  0.890811250000000        4.14978583333333      -0.383525208312416     
  0.890811250000000        4.44605625000000      -0.370011215095276     
  0.890811250000000        4.74232666666667      -0.353632249728523     
  0.890811250000000        5.03859708333333      -0.335825971617999     
  0.890811250000000        5.33486750000000      -0.317727085688382     
  0.890811250000000        5.63113791666667      -0.300603535176001     
  0.890811250000000        5.92740833333333      -0.285101089896134     
  0.890811250000000        6.22367875000000      -0.271408045906373     
  0.890811250000000        6.51994916666667      -0.259373858857764     
  0.890811250000000        6.81621958333333      -0.248361151662009     
  0.890811250000000        7.11249000000000      -0.236957262088365     
   1.18708166666667       2.000000000000000E-003 -0.243149841655256     
   1.18708166666667       0.298270416666667      -0.256180849737718     
   1.18708166666667       0.594540833333333      -0.269720636352676     
   1.18708166666667       0.890811250000000      -0.284991791572855     
   1.18708166666667        1.18708166666667      -0.302758341171175     
   1.18708166666667        1.48335208333333      -0.323240426042066     
   1.18708166666667        1.77962250000000      -0.346207115993139     
   1.18708166666667        2.07589291666667      -0.370752146991434     
   1.18708166666667        2.37216333333333      -0.395404948591057     
   1.18708166666667        2.66843375000000      -0.418593693223214     
   1.18708166666667        2.96470416666667      -0.438005304292414     
   1.18708166666667        3.26097458333333      -0.451056457157636     
   1.18708166666667        3.55724500000000      -0.455667486614316     
   1.18708166666667        3.85351541666667      -0.451034695129961     
   1.18708166666667        4.14978583333333      -0.437967187297064     
   1.18708166666667        4.44605625000000      -0.418548467793009     
   1.18708166666667        4.74232666666667      -0.395363622456174     
   1.18708166666667        5.03859708333333      -0.370726599985847     
   1.18708166666667        5.33486750000000      -0.346210610242962     
   1.18708166666667        5.63113791666667      -0.323284762831336     
   1.18708166666667        5.92740833333333      -0.302846568143306     
   1.18708166666667        6.22367875000000      -0.285101126735487     
   1.18708166666667        6.51994916666667      -0.269783319922085     
   1.18708166666667        6.81621958333333      -0.256115082685140     
   1.18708166666667        7.11249000000000      -0.242971840474289     
   1.48335208333333       2.000000000000000E-003 -0.249626232234130     
   1.48335208333333       0.298270416666667      -0.264748288771898     
   1.48335208333333       0.594540833333333      -0.281368649962806     
   1.48335208333333       0.890811250000000      -0.300550685609882     
   1.48335208333333        1.18708166666667      -0.323240470994009     
   1.48335208333333        1.48335208333333      -0.349914485986010     
   1.48335208333333        1.77962250000000      -0.380362070274266     
   1.48335208333333        2.07589291666667      -0.413513765133357     
   1.48335208333333        2.37216333333333      -0.447973781916973     
   1.48335208333333        2.66843375000000      -0.481284616335050     
   1.48335208333333        2.96470416666667      -0.509837852944660     
   1.48335208333333        3.26097458333333      -0.529460075772771     
   1.48335208333333        3.55724500000000      -0.536460642436200     
   1.48335208333333        3.85351541666667      -0.529416142661662     
   1.48335208333333        4.14978583333333      -0.509761810581611     
   1.48335208333333        4.44605625000000      -0.481195202173811     
   1.48335208333333        4.74232666666667      -0.447889809636810     
   1.48335208333333        5.03859708333333      -0.413450800248500     
   1.48335208333333        5.33486750000000      -0.380332229623891     
   1.48335208333333        5.63113791666667      -0.349924677945747     
   1.48335208333333        5.92740833333333      -0.323284849819684     
   1.48335208333333        6.22367875000000      -0.300603633218011     
   1.48335208333333        6.51994916666667      -0.281385597984619     
   1.48335208333333        6.81621958333333      -0.264692670223217     
   1.48335208333333        7.11249000000000      -0.249511439419523     
   1.77962250000000       2.000000000000000E-003 -0.256732339159002     
   1.77962250000000       0.298270416666667      -0.274149608645508     
   1.77962250000000       0.594540833333333      -0.294084273137419     
   1.77962250000000       0.890811250000000      -0.317711966196453     
   1.77962250000000        1.18708166666667      -0.346207275320618     
   1.77962250000000        1.48335208333333      -0.380362179918156     
   1.77962250000000        1.77962250000000      -0.420126597988445     
   1.77962250000000        2.07589291666667      -0.465002075279852     
   1.77962250000000        2.37216333333333      -0.513346040826711     
   1.77962250000000        2.66843375000000      -0.561916588305833     
   1.77962250000000        2.96470416666667      -0.605261431908458     
   1.77962250000000        3.26097458333333      -0.636063089876570     
   1.77962250000000        3.55724500000000      -0.647289226718192     
   1.77962250000000        3.85351541666667      -0.635985103469247     
   1.77962250000000        4.14978583333333      -0.605128616974950     
   1.77962250000000        4.44605625000000      -0.561762791703774     
   1.77962250000000        4.74232666666667      -0.513202348500856     
   1.77962250000000        5.03859708333333      -0.464889642998543     
   1.77962250000000        5.33486750000000      -0.420054922608630     
   1.77962250000000        5.63113791666667      -0.380332378133991     
   1.77962250000000        5.92740833333333      -0.346210809256552     
   1.77962250000000        6.22367875000000      -0.317727285501280     
   1.77962250000000        6.51994916666667      -0.294082692021309     
   1.77962250000000        6.81621958333333      -0.274111384104088     
   1.77962250000000        7.11249000000000      -0.256662873621379     
   2.07589291666667       2.000000000000000E-003 -0.264220055263971     
   2.07589291666667       0.298270416666667      -0.284055490099954     
   2.07589291666667       0.594540833333333      -0.307423002295444     
   2.07589291666667       0.890811250000000      -0.335832317444198     
   2.07589291666667        1.18708166666667      -0.370752463963302     
   2.07589291666667        1.48335208333333      -0.413514023575830     
   2.07589291666667        1.77962250000000      -0.465002225694204     
   2.07589291666667        2.07589291666667      -0.525296362722685     
   2.07589291666667        2.37216333333333      -0.593158909744437     
   2.07589291666667        2.66843375000000      -0.664924749313635     
   2.07589291666667        2.96470416666667      -0.732664534076996     
   2.07589291666667        3.26097458333333      -0.783356709831913     
   2.07589291666667        3.55724500000000      -0.802437771422071     
   2.07589291666667        3.85351541666667      -0.783228598257727     
   2.07589291666667        4.14978583333333      -0.732452673379023     
   2.07589291666667        4.44605625000000      -0.664688160492893     
   2.07589291666667        4.74232666666667      -0.592944274689346     
   2.07589291666667        5.03859708333333      -0.525129010814370     
   2.07589291666667        5.33486750000000      -0.464889905391550     
   2.07589291666667        5.63113791666667      -0.413451229761204     
   2.07589291666667        5.92740833333333      -0.370726990662659     
   2.07589291666667        6.22367875000000      -0.335826388545295     
   2.07589291666667        6.51994916666667      -0.307416080676995     
   2.07589291666667        6.81621958333333      -0.284033177492360     
   2.07589291666667        7.11249000000000      -0.264181212654441     
   2.37216333333333       2.000000000000000E-003 -0.271598999065872     
   2.37216333333333       0.298270416666667      -0.293768209064177     
   2.37216333333333       0.594540833333333      -0.320494623110838     
   2.37216333333333       0.890811250000000      -0.353648792356437     
   2.37216333333333        1.18708166666667      -0.395405413837010     
   2.37216333333333        1.48335208333333      -0.447974196023367     
   2.37216333333333        1.77962250000000      -0.513346363407507     
   2.37216333333333        2.07589291666667      -0.593159086112209     
   2.37216333333333        2.37216333333333      -0.687844654339722     
   2.37216333333333        2.66843375000000      -0.794542773620652     
   2.37216333333333        2.96470416666667      -0.902788830297799     
   2.37216333333333        3.26097458333333      -0.989610349185520     
   2.37216333333333        3.55724500000000       -1.02379012600997     
   2.37216333333333        3.85351541666667      -0.989409292860242     
   2.37216333333333        4.14978583333333      -0.902472826500533     
   2.37216333333333        4.44605625000000      -0.794211373265842     
   2.37216333333333        4.74232666666667      -0.687559963854164     
   2.37216333333333        5.03859708333333      -0.592944738380224     
   2.37216333333333        5.33486750000000      -0.513203049468800     
   2.37216333333333        5.63113791666667      -0.447890534043802     
   2.37216333333333        5.92740833333333      -0.395364329852010     
   2.37216333333333        6.22367875000000      -0.353632887910271     
   2.37216333333333        6.51994916666667      -0.320487236744867     
   2.37216333333333        6.81621958333333      -0.293757105416096     
   2.37216333333333        7.11249000000000      -0.271579570436050     
   2.66843375000000       2.000000000000000E-003 -0.278220664365662     
   2.66843375000000       0.298270416666667      -0.302487496327081     
   2.66843375000000       0.594540833333333      -0.332297817384983     
   2.66843375000000       0.890811250000000      -0.370030312176852     
   2.66843375000000        1.18708166666667      -0.418594273002081     
   2.66843375000000        1.48335208333333      -0.481285170094314     
   2.66843375000000        1.77962250000000      -0.561917073271365     
   2.66843375000000        2.07589291666667      -0.664925092103465     
   2.66843375000000        2.37216333333333      -0.794542940238663     
   2.66843375000000        2.66843375000000      -0.951297458948447     
   2.66843375000000        2.96470416666667       -1.12292829139395     
   2.66843375000000        3.26097458333333       -1.27120755247162     
   2.66843375000000        3.55724500000000       -1.33305234306265     
   2.66843375000000        3.85351541666667       -1.27090316678494     
   2.66843375000000        4.14978583333333       -1.12249081150577     
   2.66843375000000        4.44605625000000      -0.950881049225231     
   2.66843375000000        4.74232666666667      -0.794212268296937     
   2.66843375000000        5.03859708333333      -0.664689438367120     
   2.66843375000000        5.33486750000000      -0.561764063182375     
   2.66843375000000        5.63113791666667      -0.481196383502987     
   2.66843375000000        5.92740833333333      -0.418549462564184     
   2.66843375000000        6.22367875000000      -0.370012101193546     
   2.66843375000000        6.51994916666667      -0.332291595991430     
   2.66843375000000        6.81621958333333      -0.302482614831982     
   2.66843375000000        7.11249000000000      -0.278211386706813     
   2.96470416666667       2.000000000000000E-003 -0.283591317893321     
   2.96470416666667       0.298270416666667      -0.309573199464864     
   2.96470416666667       0.594540833333333      -0.341940136726544     
   2.96470416666667       0.890811250000000      -0.383541442233182     
   2.96470416666667        1.18708166666667      -0.438005950233371     
   2.96470416666667        1.48335208333333      -0.509838511339078     
   2.96470416666667        1.77962250000000      -0.605262037934800     
   2.96470416666667        2.07589291666667      -0.732665009486316     
   2.96470416666667        2.37216333333333      -0.902789138077338     
   2.96470416666667        2.66843375000000       -1.12292842573427     
   2.96470416666667        2.96470416666667       -1.37696326436720     
   2.96470416666667        3.26097458333333       -1.60177439036846     
   2.96470416666667        3.55724500000000       -1.69759776361236     
   2.96470416666667        3.85351541666667       -1.60135019678677     
   2.96470416666667        4.14978583333333       -1.37643897052020     
   2.96470416666667        4.44605625000000       -1.12249273963429     
   2.96470416666667        4.74232666666667      -0.902475284006180     
   2.96470416666667        5.03859708333333      -0.732455047582426     
   2.96470416666667        5.33486750000000      -0.605130648278446     
   2.96470416666667        5.63113791666667      -0.509763488528657     
   2.96470416666667        5.92740833333333      -0.437968477640438     
   2.96470416666667        6.22367875000000      -0.383526242290483     
   2.96470416666667        6.51994916666667      -0.341935798165350     
   2.96470416666667        6.81621958333333      -0.309571446603169     
   2.96470416666667        7.11249000000000      -0.283587305666426     
   3.26097458333333       2.000000000000000E-003 -0.287138068955345     
   3.26097458333333       0.298270416666667      -0.314258011874486     
   3.26097458333333       0.594540833333333      -0.348329346113757     
   3.26097458333333       0.890811250000000      -0.392536757320001     
   3.26097458333333        1.18708166666667      -0.451057114235028     
   3.26097458333333        1.48335208333333      -0.529460775927734     
   3.26097458333333        1.77962250000000      -0.636063758458441     
   3.26097458333333        2.07589291666667      -0.783357276881252     
   3.26097458333333        2.37216333333333      -0.989610784852656     
   3.26097458333333        2.66843375000000       -1.27120782007399     
   3.26097458333333        2.96470416666667       -1.60177445202115     
   3.26097458333333        3.26097458333333       -1.85758571653678     
   3.26097458333333        3.55724500000000       -1.95540986955018     
   3.26097458333333        3.85351541666667       -1.85716323995777     
   3.26097458333333        4.14978583333333       -1.60135334330247     
   3.26097458333333        4.44605625000000       -1.27090830060176     
   3.26097458333333        4.74232666666667      -0.989413967240668     
   3.26097458333333        5.03859708333333      -0.783232219965536     
   3.26097458333333        5.33486750000000      -0.635987874703873     
   3.26097458333333        5.63113791666667      -0.529418270012114     
   3.26097458333333        5.92740833333333      -0.451036251348636     
   3.26097458333333        6.22367875000000      -0.392528488152272     
   3.26097458333333        6.51994916666667      -0.348327236751276     
   3.26097458333333        6.81621958333333      -0.314257610406407     
   3.26097458333333        7.11249000000000      -0.287136699461286     
   3.55724500000000       2.000000000000000E-003 -0.288381666573137     
   3.55724500000000       0.298270416666667      -0.315902090296132     
   3.55724500000000       0.594540833333333      -0.350573301546005     
   3.55724500000000       0.890811250000000      -0.395700653439589     
   3.55724500000000        1.18708166666667      -0.455668101868148     
   3.55724500000000        1.48335208333333      -0.536461318320738     
   3.55724500000000        1.77962250000000      -0.647289888481939     
   3.55724500000000        2.07589291666667      -0.802438374455491     
   3.55724500000000        2.37216333333333       -1.02379066953785     
   3.55724500000000        2.66843375000000       -1.33305280552177     
   3.55724500000000        2.96470416666667       -1.69759804140153     
   3.55724500000000        3.26097458333333       -1.95540994519216     
   3.55724500000000        3.55724500000000       -2.09600183647917     
   3.55724500000000        3.85351541666667       -1.95541306610944     
   3.55724500000000        4.14978583333333       -1.69760527269342     
   3.55724500000000        4.44605625000000       -1.33306075612259     
   3.55724500000000        4.74232666666667       -1.02379678738341     
   3.55724500000000        5.03859708333333      -0.802442614300860     
   3.55724500000000        5.33486750000000      -0.647292592698315     
   3.55724500000000        5.63113791666667      -0.536463043680016     
   3.55724500000000        5.92740833333333      -0.455669180963399     
   3.55724500000000        6.22367875000000      -0.395701240193391     
   3.55724500000000        6.51994916666667      -0.350573548789966     
   3.55724500000000        6.81621958333333      -0.315902323030100     
   3.55724500000000        7.11249000000000      -0.288381746003760     
   3.85351541666667       2.000000000000000E-003 -0.287136512198404     
   3.85351541666667       0.298270416666667      -0.314257393027364     
   3.85351541666667       0.594540833333333      -0.348326883235538     
   3.85351541666667       0.890811250000000      -0.392527803030270     
   3.85351541666667        1.18708166666667      -0.451035227892703     
   3.85351541666667        1.48335208333333      -0.529416734511304     
   3.85351541666667        1.77962250000000      -0.635985693402215     
   3.85351541666667        2.07589291666667      -0.783229159432687     
   3.85351541666667        2.37216333333333      -0.989409856194384     
   3.85351541666667        2.66843375000000       -1.27090376180382     
   3.85351541666667        2.96470416666667       -1.60135078063346     
   3.85351541666667        3.26097458333333       -1.85716368265635     
   3.85351541666667        3.55724500000000       -1.95541340558991     
   3.85351541666667        3.85351541666667       -1.85759228647253     
   3.85351541666667        4.14978583333333       -1.60178596757438     
   3.85351541666667        4.44605625000000       -1.27121836446003     
   3.85351541666667        4.74232666666667      -0.989618155094890     
   3.85351541666667        5.03859708333333      -0.783361950555166     
   3.85351541666667        5.33486750000000      -0.636066762556073     
   3.85351541666667        5.63113791666667      -0.529462684570859     
   3.85351541666667        5.92740833333333      -0.451058241214380     
   3.85351541666667        6.22367875000000      -0.392537369590163     
   3.85351541666667        6.51994916666667      -0.348329540241548     
   3.85351541666667        6.81621958333333      -0.314258041026354     
   3.85351541666667        7.11249000000000      -0.287138040163838     
   4.14978583333333       2.000000000000000E-003 -0.283587038503638     
   4.14978583333333       0.298270416666667      -0.309571100372564     
   4.14978583333333       0.594540833333333      -0.341935361411178     
   4.14978583333333       0.890811250000000      -0.383525594081002     
   4.14978583333333        1.18708166666667      -0.437967617388023     
   4.14978583333333        1.48335208333333      -0.509762285931149     
   4.14978583333333        1.77962250000000      -0.605129089158209     
   4.14978583333333        2.07589291666667      -0.732453122878277     
   4.14978583333333        2.37216333333333      -0.902473290831903     
   4.14978583333333        2.66843375000000       -1.12249133953168     
   4.14978583333333        2.96470416666667       -1.37643957372148     
   4.14978583333333        3.26097458333333       -1.60135399825392     
   4.14978583333333        3.55724500000000       -1.69760595767255     
   4.14978583333333        3.85351541666667       -1.60178642042489     
   4.14978583333333        4.14978583333333       -1.37697546431928     
   4.14978583333333        4.44605625000000       -1.12293842044057     
   4.14978583333333        4.74232666666667      -0.902796016798297     
   4.14978583333333        5.03859708333333      -0.732669625206329     
   4.14978583333333        5.33486750000000      -0.605264995055320     
   4.14978583333333        5.63113791666667      -0.509840359983315     
   4.14978583333333        5.92740833333333      -0.438006979822397     
   4.14978583333333        6.22367875000000      -0.383541915993172     
   4.14978583333333        6.51994916666667      -0.341940295942483     
   4.14978583333333        6.81621958333333      -0.309573162257704     
   4.14978583333333        7.11249000000000      -0.283591202072609     
   4.44605625000000       2.000000000000000E-003 -0.278211085556872     
   4.44605625000000       0.298270416666667      -0.302482213920438     
   4.44605625000000       0.594540833333333      -0.332291160833882     
   4.44605625000000       0.890811250000000      -0.370011503826723     
   4.44605625000000        1.18708166666667      -0.418548795084806     
   4.44605625000000        1.48335208333333      -0.481195558074887     
   4.44605625000000        1.77962250000000      -0.561763140441692     
   4.44605625000000        2.07589291666667      -0.664688480486538     
   4.44605625000000        2.37216333333333      -0.794211698427567     
   4.44605625000000        2.66843375000000      -0.950881432067396     
   4.44605625000000        2.96470416666667       -1.12249322636113     
   4.44605625000000        3.26097458333333       -1.27090892582515     
   4.44605625000000        3.55724500000000       -1.33306148413540     
   4.44605625000000        3.85351541666667       -1.27121898524707     
   4.44605625000000        4.14978583333333       -1.12293872851480     
   4.44605625000000        4.44605625000000      -0.951305556314833     
   4.44605625000000        4.74232666666667      -0.794548796158980     
   4.44605625000000        5.03859708333333      -0.664929195903502     
   4.44605625000000        5.33486750000000      -0.561919726868612     
   4.44605625000000        5.63113791666667      -0.481286860845822     
   4.44605625000000        5.92740833333333      -0.418595100977466     
   4.44605625000000        6.22367875000000      -0.370030688768825     
   4.44605625000000        6.51994916666667      -0.332297862892521     
   4.44605625000000        6.81621958333333      -0.302487407889521     
   4.44605625000000        7.11249000000000      -0.278220503465707     
   4.74232666666667       2.000000000000000E-003 -0.271579239393764     
   4.74232666666667       0.298270416666667      -0.293756771908153     
   4.74232666666667       0.594540833333333      -0.320486863383677     
   4.74232666666667       0.890811250000000      -0.353632443565302     
   4.74232666666667        1.18708166666667      -0.395363857603235     
   4.74232666666667        1.48335208333333      -0.447890072099067     
   4.74232666666667        1.77962250000000      -0.513202604013480     
   4.74232666666667        2.07589291666667      -0.592944499132119     
   4.74232666666667        2.37216333333333      -0.687560187210292     
   4.74232666666667        2.66843375000000      -0.794212546335479     
   4.74232666666667        2.96470416666667      -0.902475675028475     
   4.74232666666667        3.26097458333333      -0.989414507568659     
   4.74232666666667        3.55724500000000       -1.02379743789339     
   4.74232666666667        3.85351541666667      -0.989618772639122     
   4.74232666666667        4.14978583333333      -0.902796446841216     
   4.74232666666667        4.44605625000000      -0.794548989627838     
   4.74232666666667        4.74232666666667      -0.687849351797935     
   4.74232666666667        5.03859708333333      -0.593162392256134     
   4.74232666666667        5.33486750000000      -0.513348579445689     
   4.74232666666667        5.63113791666667      -0.447975582115543     
   4.74232666666667        5.92740833333333      -0.395406101117894     
   4.74232666666667        6.22367875000000      -0.353649066240323     
   4.74232666666667        6.51994916666667      -0.320494554233870     
   4.74232666666667        6.81621958333333      -0.293767969568382     
   4.74232666666667        7.11249000000000      -0.271598739523851     
   5.03859708333333       2.000000000000000E-003 -0.264180855344272     
   5.03859708333333       0.298270416666667      -0.284032844911783     
   5.03859708333333       0.594540833333333      -0.307415749456184     
   5.03859708333333       0.890811250000000      -0.335826070963143     
   5.03859708333333        1.18708166666667      -0.370726755429860     
   5.03859708333333        1.48335208333333      -0.413450994781225     
   5.03859708333333        1.77962250000000      -0.464889850401396     
   5.03859708333333        2.07589291666667      -0.525129193491182     
   5.03859708333333        2.37216333333333      -0.592944913719412     
   5.03859708333333        2.66843375000000      -0.664689660036499     
   5.03859708333333        2.96470416666667      -0.732455371000840     
   5.03859708333333        3.26097458333333      -0.783232670984865     
   5.03859708333333        3.55724500000000      -0.802443160238840     
   5.03859708333333        3.85351541666667      -0.783362497321133     
   5.03859708333333        4.14978583333333      -0.732670068939513     
   5.03859708333333        4.44605625000000      -0.664929484354086     
   5.03859708333333        4.74232666666667      -0.593162527207466     
   5.03859708333333        5.03859708333333      -0.525299060301119     
   5.03859708333333        5.33486750000000      -0.465004041910304     
   5.03859708333333        5.63113791666667      -0.413515130794831     
   5.03859708333333        5.92740833333333      -0.370752980376776     
   5.03859708333333        6.22367875000000      -0.335832523330629     
   5.03859708333333        6.51994916666667      -0.307422962060866     
   5.03859708333333        6.81621958333333      -0.284055254212794     
   5.03859708333333        7.11249000000000      -0.264219780464406     
   5.33486750000000       2.000000000000000E-003 -0.256662544861663     
   5.33486750000000       0.298270416666667      -0.274111062434098     
   5.33486750000000       0.594540833333333      -0.294082462160520     
   5.33486750000000       0.890811250000000      -0.317727087256344     
   5.33486750000000        1.18708166666667      -0.346210698177506     
   5.33486750000000        1.48335208333333      -0.380332375056061     
   5.33486750000000        1.77962250000000      -0.420055100970873     
   5.33486750000000        2.07589291666667      -0.464890092632148     
   5.33486750000000        2.37216333333333      -0.513203225248819     
   5.33486750000000        2.66843375000000      -0.561764262387555     
   5.33486750000000        2.96470416666667      -0.605130918006664     
   5.33486750000000        3.26097458333333      -0.635988238613656     
   5.33486750000000        3.55724500000000      -0.647293034042969     
   5.33486750000000        3.85351541666667      -0.636067227159246     
   5.33486750000000        4.14978583333333      -0.605265419957287     
   5.33486750000000        4.44605625000000      -0.561920069652496     
   5.33486750000000        4.74232666666667      -0.513348820857540     
   5.33486750000000        5.03859708333333      -0.465004169055092     
   5.33486750000000        5.33486750000000      -0.420128075514216     
   5.33486750000000        5.63113791666667      -0.380363066632442     
   5.33486750000000        5.92740833333333      -0.346207675174856     
   5.33486750000000        6.22367875000000      -0.317712074799530     
   5.33486750000000        6.51994916666667      -0.294084070260370     
   5.33486750000000        6.81621958333333      -0.274149310625437     
   5.33486750000000        7.11249000000000      -0.256732002292462     
   5.63113791666667       2.000000000000000E-003 -0.249511153385749     
   5.63113791666667       0.298270416666667      -0.264692431070552     
   5.63113791666667       0.594540833333333      -0.281385438435909     
   5.63113791666667       0.890811250000000      -0.300603470859627     
   5.63113791666667        1.18708166666667      -0.323284779320640     
   5.63113791666667        1.48335208333333      -0.349924785419300     
   5.63113791666667        1.77962250000000      -0.380332533447524     
   5.63113791666667        2.07589291666667      -0.413451409566262     
   5.63113791666667        2.37216333333333      -0.447890729603174     
   5.63113791666667        2.66843375000000      -0.481196596146999     
   5.63113791666667        2.96470416666667      -0.509763735726048     
   5.63113791666667        3.26097458333333      -0.529418580334577     
   5.63113791666667        3.55724500000000      -0.536463419463741     
   5.63113791666667        3.85351541666667      -0.529463104200013     
   5.63113791666667        4.14978583333333      -0.509840787907927     
   5.63113791666667        4.44605625000000      -0.481287261390755     
   5.63113791666667        4.74232666666667      -0.447975919489757     
   5.63113791666667        5.03859708333333      -0.413515375610519     
   5.63113791666667        5.33486750000000      -0.380363197939006     
   5.63113791666667        5.63113791666667      -0.349915184230685     
   5.63113791666667        5.92740833333333      -0.323240773324625     
   5.63113791666667        6.22367875000000      -0.300550723932248     
   5.63113791666667        6.51994916666667      -0.281368500355110     
   5.63113791666667        6.81621958333333      -0.264748109920922     
   5.63113791666667        7.11249000000000      -0.249625998843949     
   5.92740833333333       2.000000000000000E-003 -0.242971718754220     
   5.92740833333333       0.298270416666667      -0.256114994545573     
   5.92740833333333       0.594540833333333      -0.269783253598776     
   5.92740833333333       0.890811250000000      -0.285101017352697     
   5.92740833333333        1.18708166666667      -0.302846551755701     
   5.92740833333333        1.48335208333333      -0.323284911337255     
   5.92740833333333        1.77962250000000      -0.346210946437263     
   5.92740833333333        2.07589291666667      -0.370727146608734     
   5.92740833333333        2.37216333333333      -0.395364502283177     
   5.92740833333333        2.66843375000000      -0.418549659649802     
   5.92740833333333        2.96470416666667      -0.437968714373983     
   5.92740833333333        3.26097458333333      -0.451036544260152     
   5.92740833333333        3.55724500000000      -0.455669537996300     
   5.92740833333333        3.85351541666667      -0.451058653991871     
   5.92740833333333        4.14978583333333      -0.438007423683508     
   5.92740833333333        4.44605625000000      -0.418595541772616     
   5.92740833333333        4.74232666666667      -0.395406504747814     
   5.92740833333333        5.03859708333333      -0.370753320951117     
   5.92740833333333        5.33486750000000      -0.346207935721022     
   5.92740833333333        5.63113791666667      -0.323240919072814     
   5.92740833333333        5.92740833333333      -0.302758631032692     
   5.92740833333333        6.22367875000000      -0.284991820578855     
   5.92740833333333        6.51994916666667      -0.269720577568906     
   5.92740833333333        6.81621958333333      -0.256180744588644     
   5.92740833333333        7.11249000000000      -0.243149801826254     
   6.22367875000000       2.000000000000000E-003 -0.236957253305626     
   6.22367875000000       0.298270416666667      -0.248361183557436     
   6.22367875000000       0.594540833333333      -0.259373848343012     
   6.22367875000000       0.890811250000000      -0.271408016310347     
   6.22367875000000        1.18708166666667      -0.285101132372621     
   6.22367875000000        1.48335208333333      -0.300603678548870     
   6.22367875000000        1.77962250000000      -0.317727389761914     
   6.22367875000000        2.07589291666667      -0.335826513802317     
   6.22367875000000        2.37216333333333      -0.353633011675783     
   6.22367875000000        2.66843375000000      -0.370012242789210     
   6.22367875000000        2.96470416666667      -0.383526424302814     
   6.22367875000000        3.26097458333333      -0.392528731243153     
   6.22367875000000        3.55724500000000      -0.395701555008021     
   6.22367875000000        3.85351541666667      -0.392537750662332     
   6.22367875000000        4.14978583333333      -0.383542341742014     
   6.22367875000000        4.44605625000000      -0.370031129065298     
   6.22367875000000        4.74232666666667      -0.353649494729288     
   6.22367875000000        5.03859708333333      -0.335832928490677     
   6.22367875000000        5.33486750000000      -0.317712445614035     
   6.22367875000000        5.63113791666667      -0.300550996151819     
   6.22367875000000        5.92740833333333      -0.284991955949777     
   6.22367875000000        6.22367875000000      -0.271241414921038     
   6.22367875000000        6.51994916666667      -0.259224148994004     
   6.22367875000000        6.81621958333333      -0.248402532152500     
   6.22367875000000        7.11249000000000      -0.237211431864680     
   6.51994916666667       2.000000000000000E-003 -0.230924122977418     
   6.51994916666667       0.298270416666667      -0.240884877229323     
   6.51994916666667       0.594540833333333      -0.249880818653478     
   6.51994916666667       0.890811250000000      -0.259373938090905     
   6.51994916666667        1.18708166666667      -0.269783398178564     
   6.51994916666667        1.48335208333333      -0.281385663489916     
   6.51994916666667        1.77962250000000      -0.294082770881101     
   6.51994916666667        2.07589291666667      -0.307416172609409     
   6.51994916666667        2.37216333333333      -0.320487299737655     
   6.51994916666667        2.66843375000000      -0.332291662203740     
   6.51994916666667        2.96470416666667      -0.341935900722432     
   6.51994916666667        3.26097458333333      -0.348327403079652     
   6.51994916666667        3.55724500000000      -0.350573792784890     
   6.51994916666667        3.85351541666667      -0.348329857560865     
   6.51994916666667        4.14978583333333      -0.341940666394058     
   6.51994916666667        4.44605625000000      -0.332298260946383     
   6.51994916666667        4.74232666666667      -0.320494964697690     
   6.51994916666667        5.03859708333333      -0.307423394971176     
   6.51994916666667        5.33486750000000      -0.294084502355391     
   6.51994916666667        5.63113791666667      -0.281368850574327     
   6.51994916666667        5.92740833333333      -0.269720823399358     
   6.51994916666667        6.22367875000000      -0.259224303643151     
   6.51994916666667        6.51994916666667      -0.249649125439452     
   6.51994916666667        6.81621958333333      -0.240817555064778     
   6.51994916666667        7.11249000000000      -0.231220828600204     
   6.81621958333333       2.000000000000000E-003 -0.223286369246463     
   6.81621958333333       0.298270416666667      -0.232651223582263     
   6.81621958333333       0.594540833333333      -0.240885062049237     
   6.81621958333333       0.890811250000000      -0.248361412095843     
   6.81621958333333        1.18708166666667      -0.256115257564441     
   6.81621958333333        1.48335208333333      -0.264692767714635     
   6.81621958333333        1.77962250000000      -0.274111443937688     
   6.81621958333333        2.07589291666667      -0.284033224810963     
   6.81621958333333        2.37216333333333      -0.293757103504560     
   6.81621958333333        2.66843375000000      -0.302482599472454     
   6.81621958333333        2.96470416666667      -0.309571460529939     
   6.81621958333333        3.26097458333333      -0.314257687184446     
   6.81621958333333        3.55724500000000      -0.315902479343543     
   6.81621958333333        3.85351541666667      -0.314258273325948     
   6.81621958333333        4.14978583333333      -0.309573451782827     
   6.81621958333333        4.44605625000000      -0.302487733856661     
   6.81621958333333        4.74232666666667      -0.293768327257633     
   6.81621958333333        5.03859708333333      -0.284055668458653     
   6.81621958333333        5.33486750000000      -0.274149743770293     
   6.81621958333333        5.63113791666667      -0.264748483599419     
   6.81621958333333        5.92740833333333      -0.256181071152466     
   6.81621958333333        6.22367875000000      -0.248402869567592     
   6.81621958333333        6.51994916666667      -0.240817851479882     
   6.81621958333333        6.81621958333333      -0.232500405952871     
   6.81621958333333        7.11249000000000      -0.223475955290146     
   7.11249000000000       2.000000000000000E-003 -0.213020699688234     
   7.11249000000000       0.298270416666667      -0.223286569015443     
   7.11249000000000       0.594540833333333      -0.230924606980041     
   7.11249000000000       0.890811250000000      -0.236957654822994     
   7.11249000000000        1.18708166666667      -0.242972065453949     
   7.11249000000000        1.48335208333333      -0.249511540486865     
   7.11249000000000        1.77962250000000      -0.256662904799297     
   7.11249000000000        2.07589291666667      -0.264181211636387     
   7.11249000000000        2.37216333333333      -0.271579504822875     
   7.11249000000000        2.66843375000000      -0.278211294723360     
   7.11249000000000        2.96470416666667      -0.283587235822052     
   7.11249000000000        3.26097458333333      -0.287136689171470     
   7.11249000000000        3.55724500000000      -0.288381813798396     
   7.11249000000000        3.85351541666667      -0.287138183416734     
   7.11249000000000        4.14978583333333      -0.283591403746897     
   7.11249000000000        4.44605625000000      -0.278220746352192     
   7.11249000000000        4.74232666666667      -0.271599024141692     
   7.11249000000000        5.03859708333333      -0.264220135322342     
   7.11249000000000        5.33486750000000      -0.256732382406723     
   7.11249000000000        5.63113791666667      -0.249626340941546     
   7.11249000000000        5.92740833333333      -0.243150143129895     
   7.11249000000000        6.22367875000000      -0.237211863990874     
   7.11249000000000        6.51994916666667      -0.231221332342765     
   7.11249000000000        6.81621958333333      -0.223476248003450     
   7.11249000000000        7.11249000000000      -0.213082921028287     
