  2.000000000000000E-003  2.000000000000000E-003  -2.09600203223033     
  2.000000000000000E-003  0.298270416666667       -1.95473549234731     
  2.000000000000000E-003  0.594540833333333       -1.69616363295538     
  2.000000000000000E-003  0.890811250000000       -1.33145038552664     
  2.000000000000000E-003   1.18708166666667       -1.02253295959809     
  2.000000000000000E-003   1.48335208333333      -0.801562833431355     
  2.000000000000000E-003   1.77962250000000      -0.646697878255560     
  2.000000000000000E-003   2.07589291666667      -0.536068296380378     
  2.000000000000000E-003   2.37216333333333      -0.455413525244955     
  2.000000000000000E-003   2.66843375000000      -0.395542787260119     
  2.000000000000000E-003   2.96470416666667      -0.350479879117701     
  2.000000000000000E-003   3.26097458333333      -0.315847337326334     
  2.000000000000000E-003   3.55724500000000      -0.288346806055346     
  2.000000000000000E-003   3.85351541666667      -0.265686831845435     
  2.000000000000000E-003   4.14978583333333      -0.246470331057366     
  2.000000000000000E-003   4.44605625000000      -0.229950694750938     
  2.000000000000000E-003   4.74232666666667      -0.215713886223080     
  2.000000000000000E-003   5.03859708333333      -0.203412662028259     
  2.000000000000000E-003   5.33486750000000      -0.192705308347234     
  2.000000000000000E-003   5.63113791666667      -0.183303109953976     
  2.000000000000000E-003   5.92740833333333      -0.174953277687832     
  2.000000000000000E-003   6.22367875000000      -0.167511350618026     
  2.000000000000000E-003   6.51994916666667      -0.161290234882502     
  2.000000000000000E-003   6.81621958333333      -0.157167212550394     
  2.000000000000000E-003   7.11249000000000      -0.152787616881851     
  0.298270416666667       2.000000000000000E-003  -1.95473563348658     
  0.298270416666667       0.298270416666667       -1.85638088893360     
  0.298270416666667       0.594540833333333       -1.59955983879271     
  0.298270416666667       0.890811250000000       -1.26911086479549     
  0.298270416666667        1.18708166666667      -0.988121594953752     
  0.298270416666667        1.48335208333333      -0.782371409394549     
  0.298270416666667        1.77962250000000      -0.635405436560664     
  0.298270416666667        2.07589291666667      -0.529028290873415     
  0.298270416666667        2.37216333333333      -0.450779434262155     
  0.298270416666667        2.66843375000000      -0.392365219776678     
  0.298270416666667        2.96470416666667      -0.348227669283453     
  0.298270416666667        3.26097458333333      -0.314197899187505     
  0.298270416666667        3.55724500000000      -0.287099517806747     
  0.298270416666667        3.85351541666667      -0.264716358545137     
  0.298270416666667        4.14978583333333      -0.245699203819569     
  0.298270416666667        4.44605625000000      -0.229329509811932     
  0.298270416666667        4.74232666666667      -0.215210484227286     
  0.298270416666667        5.03859708333333      -0.203012834860708     
  0.298270416666667        5.33486750000000      -0.192408254061576     
  0.298270416666667        5.63113791666667      -0.183149178821172     
  0.298270416666667        5.92740833333333      -0.175059874296718     
  0.298270416666667        6.22367875000000      -0.168158083126377     
  0.298270416666667        6.51994916666667      -0.162846628128459     
  0.298270416666667        6.81621958333333      -0.158907359837291     
  0.298270416666667        7.11249000000000      -0.153214266243796     
  0.594540833333333       2.000000000000000E-003  -1.69616401472582     
  0.594540833333333       0.298270416666667       -1.59956004441127     
  0.594540833333333       0.594540833333333       -1.37464168271383     
  0.594540833333333       0.890811250000000       -1.12095629544852     
  0.594540833333333        1.18708166666667      -0.901384133394583     
  0.594540833333333        1.48335208333333      -0.731697028862311     
  0.594540833333333        1.77962250000000      -0.604610656172393     
  0.594540833333333        2.07589291666667      -0.509410841550700     
  0.594540833333333        2.37216333333333      -0.437729636478101     
  0.594540833333333        2.66843375000000      -0.383371263282963     
  0.594540833333333        2.96470416666667      -0.341839446095997     
  0.594540833333333        3.26097458333333      -0.309513440670806     
  0.594540833333333        3.55724500000000      -0.283552569566460     
  0.594540833333333        3.85351541666667      -0.261953392747813     
  0.594540833333333        4.14978583333333      -0.243499648490406     
  0.594540833333333        4.44605625000000      -0.227550525316249     
  0.594540833333333        4.74232666666667      -0.213756375739696     
  0.594540833333333        5.03859708333333      -0.201829261424298     
  0.594540833333333        5.33486750000000      -0.191483309227062     
  0.594540833333333        5.63113791666667      -0.182518426815809     
  0.594540833333333        5.92740833333333      -0.174842011686809     
  0.594540833333333        6.22367875000000      -0.168482875801369     
  0.594540833333333        6.51994916666667      -0.163324681423936     
  0.594540833333333        6.81621958333333      -0.158116639865293     
  0.594540833333333        7.11249000000000      -0.151996057946341     
  0.890811250000000       2.000000000000000E-003  -1.33145090804613     
  0.890811250000000       0.298270416666667       -1.26911127313695     
  0.890811250000000       0.594540833333333       -1.12095651639736     
  0.890811250000000       0.890811250000000      -0.949726984763910     
  0.890811250000000        1.18708166666667      -0.793361859170058     
  0.890811250000000        1.48335208333333      -0.664083473392305     
  0.890811250000000        1.77962250000000      -0.561335780235997     
  0.890811250000000        2.07589291666667      -0.480894815015239     
  0.890811250000000        2.37216333333333      -0.418342322584399     
  0.890811250000000        2.66843375000000      -0.369876024475491     
  0.890811250000000        2.96470416666667      -0.332207117311967     
  0.890811250000000        3.26097458333333      -0.302433813957972     
  0.890811250000000        3.55724500000000      -0.278185581970533     
  0.890811250000000        3.85351541666667      -0.257768303274124     
  0.890811250000000        4.14978583333333      -0.240160047673463     
  0.890811250000000        4.44605625000000      -0.224834197860668     
  0.890811250000000        4.74232666666667      -0.211508956608126     
  0.890811250000000        5.03859708333333      -0.199950710058798     
  0.890811250000000        5.33486750000000      -0.189912489731821     
  0.890811250000000        5.63113791666667      -0.181210375424875     
  0.890811250000000        5.92740833333333      -0.173733022428410     
  0.890811250000000        6.22367875000000      -0.167346302285673     
  0.890811250000000        6.51994916666667      -0.161649896605000     
  0.890811250000000        6.81621958333333      -0.155891972828495     
  0.890811250000000        7.11249000000000      -0.150129181276840     
   1.18708166666667       2.000000000000000E-003  -1.02253356774827     
   1.18708166666667       0.298270416666667      -0.988122151311011     
   1.18708166666667       0.594540833333333      -0.901384544136375     
   1.18708166666667       0.890811250000000      -0.793362068416823     
   1.18708166666667        1.18708166666667      -0.686927364966367     
   1.18708166666667        1.48335208333333      -0.592481076570422     
   1.18708166666667        1.77962250000000      -0.512861890824324     
   1.18708166666667        2.07589291666667      -0.447645969194405     
   1.18708166666667        2.37216333333333      -0.395193809928934     
   1.18708166666667        2.66843375000000      -0.353520450432119     
   1.18708166666667        2.96470416666667      -0.320420174429487     
   1.18708166666667        3.26097458333333      -0.293724565732580     
   1.18708166666667        3.55724500000000      -0.271570341226299     
   1.18708166666667        3.85351541666667      -0.252604915918277     
   1.18708166666667        4.14978583333333      -0.236028322617299     
   1.18708166666667        4.44605625000000      -0.221451448944752     
   1.18708166666667        4.74232666666667      -0.208674276458440     
   1.18708166666667        5.03859708333333      -0.197519557546729     
   1.18708166666667        5.33486750000000      -0.187779915504233     
   1.18708166666667        5.63113791666667      -0.179271131167978     
   1.18708166666667        5.92740833333333      -0.171844894492427     
   1.18708166666667        6.22367875000000      -0.165304146425902     
   1.18708166666667        6.51994916666667      -0.159323230138615     
   1.18708166666667        6.81621958333333      -0.153579772118526     
   1.18708166666667        7.11249000000000      -0.148143935784558     
   1.48335208333333       2.000000000000000E-003 -0.801563482648031     
   1.48335208333333       0.298270416666667      -0.782372044868188     
   1.48335208333333       0.594540833333333      -0.731697561656628     
   1.48335208333333       0.890811250000000      -0.664083841306641     
   1.48335208333333        1.18708166666667      -0.592481255166613     
   1.48335208333333        1.48335208333333      -0.524780203839207     
   1.48335208333333        1.77962250000000      -0.464627440586669     
   1.48335208333333        2.07589291666667      -0.413257376802729     
   1.48335208333333        2.37216333333333      -0.370587893558444     
   1.48335208333333        2.66843375000000      -0.335733777928081     
   1.48335208333333        2.96470416666667      -0.307366233081751     
   1.48335208333333        3.26097458333333      -0.284024719164675     
   1.48335208333333        3.55724500000000      -0.264199642549348     
   1.48335208333333        3.85351541666667      -0.246854213675784     
   1.48335208333333        4.14978583333333      -0.231403086251935     
   1.48335208333333        4.44605625000000      -0.217637819510407     
   1.48335208333333        4.74232666666667      -0.205445198562480     
   1.48335208333333        5.03859708333333      -0.194703370948514     
   1.48335208333333        5.33486750000000      -0.185248685805468     
   1.48335208333333        5.63113791666667      -0.176909130087673     
   1.48335208333333        5.92740833333333      -0.169534221742176     
   1.48335208333333        6.22367875000000      -0.162955469611978     
   1.48335208333333        6.51994916666667      -0.156957113000142     
   1.48335208333333        6.81621958333333      -0.151368772571070     
   1.48335208333333        7.11249000000000      -0.146168197981491     
   1.77962250000000       2.000000000000000E-003 -0.646698524880950     
   1.77962250000000       0.298270416666667      -0.635406092218641     
   1.77962250000000       0.594540833333333      -0.604611247801741     
   1.77962250000000       0.890811250000000      -0.561336248398383     
   1.77962250000000        1.18708166666667      -0.512862202557174     
   1.77962250000000        1.48335208333333      -0.464627590954209     
   1.77962250000000        1.77962250000000      -0.419852961740198     
   1.77962250000000        2.07589291666667      -0.380174878003629     
   1.77962250000000        2.37216333333333      -0.346092819925067     
   1.77962250000000        2.66843375000000      -0.317646678230180     
   1.77962250000000        2.96470416666667      -0.294055688043953     
   1.77962250000000        3.26097458333333      -0.274137109096884     
   1.77962250000000        3.55724500000000      -0.256723382920363     
   1.77962250000000        3.85351541666667      -0.240980636100411     
   1.77962250000000        4.14978583333333      -0.226606997787822     
   1.77962250000000        4.44605625000000      -0.213593507833563     
   1.77962250000000        4.74232666666667      -0.201964096248528     
   1.77962250000000        5.03859708333333      -0.191644810197957     
   1.77962250000000        5.33486750000000      -0.182476486815843     
   1.77962250000000        5.63113791666667      -0.174324965295994     
   1.77962250000000        5.92740833333333      -0.167062813186649     
   1.77962250000000        6.22367875000000      -0.160565443183555     
   1.77962250000000        6.51994916666667      -0.154680127701881     
   1.77962250000000        6.81621958333333      -0.149272879958223     
   1.77962250000000        7.11249000000000      -0.144265694783790     
   2.07589291666667       2.000000000000000E-003 -0.536068927562920     
   2.07589291666667       0.298270416666667      -0.529028939973025     
   2.07589291666667       0.594540833333333      -0.509411454402508     
   2.07589291666667       0.890811250000000      -0.480895339495627     
   2.07589291666667        1.18708166666667      -0.447646375392450     
   2.07589291666667        1.48335208333333      -0.413257652632431     
   2.07589291666667        1.77962250000000      -0.380175020648485     
   2.07589291666667        2.07589291666667      -0.349789559765738     
   2.07589291666667        2.37216333333333      -0.323169863952336     
   2.07589291666667        2.66843375000000      -0.300519309209613     
   2.07589291666667        2.96470416666667      -0.281362441673070     
   2.07589291666667        3.26097458333333      -0.264751754207580     
   2.07589291666667        3.55724500000000      -0.249626710792885     
   2.07589291666667        3.85351541666667      -0.235323038145097     
   2.07589291666667        4.14978583333333      -0.221849518025715     
   2.07589291666667        4.44605625000000      -0.209489563630097     
   2.07589291666667        4.74232666666667      -0.198374610942548     
   2.07589291666667        5.03859708333333      -0.188450813396106     
   2.07589291666667        5.33486750000000      -0.179583403252995     
   2.07589291666667        5.63113791666667      -0.171646746706170     
   2.07589291666667        5.92740833333333      -0.164560349879084     
   2.07589291666667        6.22367875000000      -0.158224865065503     
   2.07589291666667        6.51994916666667      -0.152510439975180     
   2.07589291666667        6.81621958333333      -0.147292734409664     
   2.07589291666667        7.11249000000000      -0.142459510261206     
   2.37216333333333       2.000000000000000E-003 -0.455414135894654     
   2.37216333333333       0.298270416666667      -0.450780067871857     
   2.37216333333333       0.594540833333333      -0.437730252947288     
   2.37216333333333       0.890811250000000      -0.418342882468519     
   2.37216333333333        1.18708166666667      -0.395194284784501     
   2.37216333333333        1.48335208333333      -0.370588271964931     
   2.37216333333333        1.77962250000000      -0.346093103171028     
   2.37216333333333        2.07589291666667      -0.323170021426633     
   2.37216333333333        2.37216333333333      -0.302730010792007     
   2.37216333333333        2.66843375000000      -0.284992183847055     
   2.37216333333333        2.96470416666667      -0.269737089551976     
   2.37216333333333        3.26097458333333      -0.256198077682987     
   2.37216333333333        3.55724500000000      -0.243156003356495     
   2.37216333333333        3.85351541666667      -0.229959584606998     
   2.37216333333333        4.14978583333333      -0.217132007029335     
   2.37216333333333        4.44605625000000      -0.205346672946195     
   2.37216333333333        4.74232666666667      -0.194743043018085     
   2.37216333333333        5.03859708333333      -0.185211883809116     
   2.37216333333333        5.33486750000000      -0.176639948975381     
   2.37216333333333        5.63113791666667      -0.168943096508585     
   2.37216333333333        5.92740833333333      -0.162061530637981     
   2.37216333333333        6.22367875000000      -0.155927934968652     
   2.37216333333333        6.51994916666667      -0.150422030379849     
   2.37216333333333        6.81621958333333      -0.145400601854991     
   2.37216333333333        7.11249000000000      -0.140742118267439     
   2.66843375000000       2.000000000000000E-003 -0.395543367635845     
   2.66843375000000       0.298270416666667      -0.392365828747656     
   2.66843375000000       0.594540833333333      -0.383371867822775     
   2.66843375000000       0.890811250000000      -0.369876591821352     
   2.66843375000000        1.18708166666667      -0.353520959307679     
   2.66843375000000        1.48335208333333      -0.335734229700066     
   2.66843375000000        1.77962250000000      -0.317647076625603     
   2.66843375000000        2.07589291666667      -0.300519602081659     
   2.66843375000000        2.37216333333333      -0.284992332225406     
   2.66843375000000        2.66843375000000      -0.271264389199954     
   2.66843375000000        2.96470416666667      -0.259254742894469     
   2.66843375000000        3.26097458333333      -0.248428927862803     
   2.66843375000000        3.55724500000000      -0.237215904362494     
   2.66843375000000        3.85351541666667      -0.224647911171783     
   2.66843375000000        4.14978583333333      -0.212293409854923     
   2.66843375000000        4.44605625000000      -0.201164376248236     
   2.66843375000000        4.74232666666667      -0.191111265823426     
   2.66843375000000        5.03859708333333      -0.181962982944356     
   2.66843375000000        5.33486750000000      -0.173673591009584     
   2.66843375000000        5.63113791666667      -0.166222319375889     
   2.66843375000000        5.92740833333333      -0.159571644198354     
   2.66843375000000        6.22367875000000      -0.153657712272703     
   2.66843375000000        6.51994916666667      -0.148362503547035     
   2.66843375000000        6.81621958333333      -0.143536350771575     
   2.66843375000000        7.11249000000000      -0.139051402208665     
   2.96470416666667       2.000000000000000E-003 -0.350480404464871     
   2.96470416666667       0.298270416666667      -0.348228225877155     
   2.96470416666667       0.594540833333333      -0.341840006175899     
   2.96470416666667       0.890811250000000      -0.332207654609803     
   2.96470416666667        1.18708166666667      -0.320420676177406     
   2.96470416666667        1.48335208333333      -0.307366715519874     
   2.96470416666667        1.77962250000000      -0.294056140110440     
   2.96470416666667        2.07589291666667      -0.281362807156856     
   2.96470416666667        2.37216333333333      -0.269737339770064     
   2.96470416666667        2.66843375000000      -0.259254877176145     
   2.96470416666667        2.96470416666667      -0.249685070799935     
   2.96470416666667        3.26097458333333      -0.240844797565703     
   2.96470416666667        3.55724500000000      -0.231217651561583     
   2.96470416666667        3.85351541666667      -0.218870902360600     
   2.96470416666667        4.14978583333333      -0.207321105762179     
   2.96470416666667        4.44605625000000      -0.197076303488549     
   2.96470416666667        4.74232666666667      -0.187519241001918     
   2.96470416666667        5.03859708333333      -0.178675713129171     
   2.96470416666667        5.33486750000000      -0.170637587557929     
   2.96470416666667        5.63113791666667      -0.163434039345417     
   2.96470416666667        5.92740833333333      -0.157041152032613     
   2.96470416666667        6.22367875000000      -0.151368552738002     
   2.96470416666667        6.51994916666667      -0.146293740937243     
   2.96470416666667        6.81621958333333      -0.141664066927466     
   2.96470416666667        7.11249000000000      -0.137352686830920     
   3.26097458333333       2.000000000000000E-003 -0.315847780622471     
   3.26097458333333       0.298270416666667      -0.314198373556485     
   3.26097458333333       0.594540833333333      -0.309513924028460     
   3.26097458333333       0.890811250000000      -0.302434286306299     
   3.26097458333333        1.18708166666667      -0.293725019960925     
   3.26097458333333        1.48335208333333      -0.284025172924678     
   3.26097458333333        1.77962250000000      -0.274137542490105     
   3.26097458333333        2.07589291666667      -0.264752115889398     
   3.26097458333333        2.37216333333333      -0.256198356442198     
   3.26097458333333        2.66843375000000      -0.248429145119954     
   3.26097458333333        2.96470416666667      -0.240844947992278     
   3.26097458333333        3.26097458333333      -0.232513978601140     
   3.26097458333333        3.55724500000000      -0.223454329089824     
   3.26097458333333        3.85351541666667      -0.212619049263027     
   3.26097458333333        4.14978583333333      -0.202766847644448     
   3.26097458333333        4.44605625000000      -0.193069753746384     
   3.26097458333333        4.74232666666667      -0.183772728600846     
   3.26097458333333        5.03859708333333      -0.175189601258480     
   3.26097458333333        5.33486750000000      -0.167424067976897     
   3.26097458333333        5.63113791666667      -0.160499687261045     
   3.26097458333333        5.92740833333333      -0.154391969472696     
   3.26097458333333        6.22367875000000      -0.148984967267620     
   3.26097458333333        6.51994916666667      -0.144144075616024     
   3.26097458333333        6.81621958333333      -0.139717722812248     
   3.26097458333333        7.11249000000000      -0.135585438506988     
   3.55724500000000       2.000000000000000E-003 -0.288347146913635     
   3.55724500000000       0.298270416666667      -0.287099888539939     
   3.55724500000000       0.594540833333333      -0.283552954238328     
   3.55724500000000       0.890811250000000      -0.278185965527952     
   3.55724500000000        1.18708166666667      -0.271570717471426     
   3.55724500000000        1.48335208333333      -0.264200022241953     
   3.55724500000000        1.77962250000000      -0.256723742768179     
   3.55724500000000        2.07589291666667      -0.249627010580038     
   3.55724500000000        2.37216333333333      -0.243156237075345     
   3.55724500000000        2.66843375000000      -0.237216088533751     
   3.55724500000000        2.96470416666667      -0.231217781440850     
   3.55724500000000        3.26097458333333      -0.223454362312619     
   3.55724500000000        3.55724500000000      -0.213082911372947     
   3.55724500000000        3.85351541666667      -0.206302390587378     
   3.55724500000000        4.14978583333333      -0.197064653908096     
   3.55724500000000        4.44605625000000      -0.187904739706970     
   3.55724500000000        4.74232666666667      -0.179270167111229     
   3.55724500000000        5.03859708333333      -0.171238888926105     
   3.55724500000000        5.33486750000000      -0.163907016669276     
   3.55724500000000        5.63113791666667      -0.157343286071061     
   3.55724500000000        5.92740833333333      -0.151561745616311     
   3.55724500000000        6.22367875000000      -0.146444011223404     
   3.55724500000000        6.51994916666667      -0.141850597864298     
   3.55724500000000        6.81621958333333      -0.137637079769462     
   3.55724500000000        7.11249000000000      -0.133694380313458     
   3.85351541666667       2.000000000000000E-003 -0.265687062469506     
   3.85351541666667       0.298270416666667      -0.264716618337727     
   3.85351541666667       0.594540833333333      -0.261953671565377     
   3.85351541666667       0.890811250000000      -0.257768589002786     
   3.85351541666667        1.18708166666667      -0.252605200329230     
   3.85351541666667        1.48335208333333      -0.246854498073355     
   3.85351541666667        1.77962250000000      -0.240980904800072     
   3.85351541666667        2.07589291666667      -0.235323260198081     
   3.85351541666667        2.37216333333333      -0.229959748948790     
   3.85351541666667        2.66843375000000      -0.224648003705622     
   3.85351541666667        2.96470416666667      -0.218870880289629     
   3.85351541666667        3.26097458333333      -0.212618926276275     
   3.85351541666667        3.55724500000000      -0.206302267719611     
   3.85351541666667        3.85351541666667      -0.196048429430889     
   3.85351541666667        4.14978583333333      -0.187751075394575     
   3.85351541666667        4.44605625000000      -0.180875570065515     
   3.85351541666667        4.74232666666667      -0.173818485332509     
   3.85351541666667        5.03859708333333      -0.166759688727208     
   3.85351541666667        5.33486750000000      -0.160062711718952     
   3.85351541666667        5.63113791666667      -0.153954030429377     
   3.85351541666667        5.92740833333333      -0.148539211955533     
   3.85351541666667        6.22367875000000      -0.143730465616457     
   3.85351541666667        6.51994916666667      -0.139395618589628     
   3.85351541666667        6.81621958333333      -0.135404553991598     
   3.85351541666667        7.11249000000000      -0.131663901440949     
   4.14978583333333       2.000000000000000E-003 -0.246470461970539     
   4.14978583333333       0.298270416666667      -0.245699362800915     
   4.14978583333333       0.594540833333333      -0.243499829632041     
   4.14978583333333       0.890811250000000      -0.240160240614826     
   4.14978583333333        1.18708166666667      -0.236028517416568     
   4.14978583333333        1.48335208333333      -0.231403278145162     
   4.14978583333333        1.77962250000000      -0.226607181223626     
   4.14978583333333        2.07589291666667      -0.221849675921940     
   4.14978583333333        2.37216333333333      -0.217132125924535     
   4.14978583333333        2.66843375000000      -0.212293461231295     
   4.14978583333333        2.96470416666667      -0.207321042454296     
   4.14978583333333        3.26097458333333      -0.202766680512194     
   4.14978583333333        3.55724500000000      -0.197064471344480     
   4.14978583333333        3.85351541666667      -0.187750967925919     
   4.14978583333333        4.14978583333333      -0.179985508994443     
   4.14978583333333        4.44605625000000      -0.174067666061933     
   4.14978583333333        4.74232666666667      -0.168152557133798     
   4.14978583333333        5.03859708333333      -0.162016548320627     
   4.14978583333333        5.33486750000000      -0.155994072309476     
   4.14978583333333        5.63113791666667      -0.150387729664012     
   4.14978583333333        5.92740833333333      -0.145370672500299     
   4.14978583333333        6.22367875000000      -0.140885185266528     
   4.14978583333333        6.51994916666667      -0.136816746729314     
   4.14978583333333        6.81621958333333      -0.133056359766630     
   4.14978583333333        7.11249000000000      -0.129528865185415     
   4.44605625000000       2.000000000000000E-003 -0.229950751529689     
   4.44605625000000       0.298270416666667      -0.229329592377722     
   4.44605625000000       0.594540833333333      -0.227550629534187     
   4.44605625000000       0.890811250000000      -0.224834314277548     
   4.44605625000000        1.18708166666667      -0.221451567368323     
   4.44605625000000        1.48335208333333      -0.217637933802317     
   4.44605625000000        1.77962250000000      -0.213593618642841     
   4.44605625000000        2.07589291666667      -0.209489669407127     
   4.44605625000000        2.37216333333333      -0.205346763715132     
   4.44605625000000        2.66843375000000      -0.201164421988164     
   4.44605625000000        2.96470416666667      -0.197076256899683     
   4.44605625000000        3.26097458333333      -0.193069602213907     
   4.44605625000000        3.55724500000000      -0.187904542415023     
   4.44605625000000        3.85351541666667      -0.180875412615430     
   4.44605625000000        4.14978583333333      -0.174067592250726     
   4.44605625000000        4.44605625000000      -0.168292137045123     
   4.44605625000000        4.74232666666667      -0.162808643896451     
   4.44605625000000        5.03859708333333      -0.157285212278918     
   4.44605625000000        5.33486750000000      -0.151845572712764     
   4.44605625000000        5.63113791666667      -0.146741197434814     
   4.44605625000000        5.92740833333333      -0.142138061128092     
   4.44605625000000        6.22367875000000      -0.137983758873033     
   4.44605625000000        6.51994916666667      -0.134186521935341     
   4.44605625000000        6.81621958333333      -0.130663437836957     
   4.44605625000000        7.11249000000000      -0.127357143219780     
   4.74232666666667       2.000000000000000E-003 -0.215713900569684     
   4.74232666666667       0.298270416666667      -0.215210521957097     
   4.74232666666667       0.594540833333333      -0.213756431827304     
   4.74232666666667       0.890811250000000      -0.211509020843395     
   4.74232666666667        1.18708166666667      -0.208674338810010     
   4.74232666666667        1.48335208333333      -0.205445253992187     
   4.74232666666667        1.77962250000000      -0.201964146230513     
   4.74232666666667        2.07589291666667      -0.198374663952719     
   4.74232666666667        2.37216333333333      -0.194743096042002     
   4.74232666666667        2.66843375000000      -0.191111294120177     
   4.74232666666667        2.96470416666667      -0.187519204089101     
   4.74232666666667        3.26097458333333      -0.183772606656253     
   4.74232666666667        3.55724500000000      -0.179269993472870     
   4.74232666666667        3.85351541666667      -0.173818322484393     
   4.74232666666667        4.14978583333333      -0.168152447475019     
   4.74232666666667        4.44605625000000      -0.162808594371463     
   4.74232666666667        4.74232666666667      -0.157684592537405     
   4.74232666666667        5.03859708333333      -0.152631979864526     
   4.74232666666667        5.33486750000000      -0.147707906698307     
   4.74232666666667        5.63113791666667      -0.143109439914143     
   4.74232666666667        5.92740833333333      -0.138924816364603     
   4.74232666666667        6.22367875000000      -0.135101273203872     
   4.74232666666667        6.51994916666667      -0.131577088686058     
   4.74232666666667        6.81621958333333      -0.128296662848440     
   4.74232666666667        7.11249000000000      -0.125217044306508     
   5.03859708333333       2.000000000000000E-003 -0.203412650414014     
   5.03859708333333       0.298270416666667      -0.203012850401577     
   5.03859708333333       0.594540833333333      -0.201829300821222     
   5.03859708333333       0.890811250000000      -0.199950752148985     
   5.03859708333333        1.18708166666667      -0.197519589349134     
   5.03859708333333        1.48335208333333      -0.194703389258397     
   5.03859708333333        1.77962250000000      -0.191644818504223     
   5.03859708333333        2.07589291666667      -0.188450816625371     
   5.03859708333333        2.37216333333333      -0.185211885640777     
   5.03859708333333        2.66843375000000      -0.181962968853226     
   5.03859708333333        2.96470416666667      -0.178675655378322     
   5.03859708333333        3.26097458333333      -0.175189483813091     
   5.03859708333333        3.55724500000000      -0.171238728809715     
   5.03859708333333        3.85351541666667      -0.166759526246213     
   5.03859708333333        4.14978583333333      -0.162016419486287     
   5.03859708333333        4.44605625000000      -0.157285132706987     
   5.03859708333333        4.74232666666667      -0.152631947331431     
   5.03859708333333        5.03859708333333      -0.148061612588607     
   5.03859708333333        5.33486750000000      -0.143662516153099     
   5.03859708333333        5.63113791666667      -0.139571051326255     
   5.03859708333333        5.92740833333333      -0.135786730451438     
   5.03859708333333        6.22367875000000      -0.132282315274904     
   5.03859708333333        6.51994916666667      -0.129029003641616     
   5.03859708333333        6.81621958333333      -0.126001439629469     
   5.03859708333333        7.11249000000000      -0.123154531402708     
   5.33486750000000       2.000000000000000E-003 -0.192705265876189     
   5.33486750000000       0.298270416666667      -0.192408235631293     
   5.33486750000000       0.594540833333333      -0.191483312395115     
   5.33486750000000       0.890811250000000      -0.189912511031147     
   5.33486750000000        1.18708166666667      -0.187779941793685     
   5.33486750000000        1.48335208333333      -0.185248690109939     
   5.33486750000000        1.77962250000000      -0.182476474402571     
   5.33486750000000        2.07589291666667      -0.179583380880498     
   5.33486750000000        2.37216333333333      -0.176639912638472     
   5.33486750000000        2.66843375000000      -0.173673534343740     
   5.33486750000000        2.96470416666667      -0.170637497226078     
   5.33486750000000        3.26097458333333      -0.167423936177362     
   5.33486750000000        3.55724500000000      -0.163906856166515     
   5.33486750000000        3.85351541666667      -0.160062550037478     
   5.33486750000000        4.14978583333333      -0.155993939736194     
   5.33486750000000        4.44605625000000      -0.151845484400431     
   5.33486750000000        4.74232666666667      -0.147707859039805     
   5.33486750000000        5.03859708333333      -0.143662494893139     
   5.33486750000000        5.33486750000000      -0.139805921458571     
   5.33486750000000        5.63113791666667      -0.136165507399083     
   5.33486750000000        5.92740833333333      -0.132742956922222     
   5.33486750000000        6.22367875000000      -0.129564109196392     
   5.33486750000000        6.51994916666667      -0.126611406557751     
   5.33486750000000        6.81621958333333      -0.123848424574478     
   5.33486750000000        7.11249000000000      -0.121232758649302     
   5.63113791666667       2.000000000000000E-003 -0.183303105803040     
   5.63113791666667       0.298270416666667      -0.183149193604432     
   5.63113791666667       0.594540833333333      -0.182518431038297     
   5.63113791666667       0.890811250000000      -0.181210368045213     
   5.63113791666667        1.18708166666667      -0.179271127255443     
   5.63113791666667        1.48335208333333      -0.176909130415693     
   5.63113791666667        1.77962250000000      -0.174324947335471     
   5.63113791666667        2.07589291666667      -0.171646715909136     
   5.63113791666667        2.37216333333333      -0.168943055738274     
   5.63113791666667        2.66843375000000      -0.166222259696199     
   5.63113791666667        2.96470416666667      -0.163433947501588     
   5.63113791666667        3.26097458333333      -0.160499564669437     
   5.63113791666667        3.55724500000000      -0.157343144126469     
   5.63113791666667        3.85351541666667      -0.153953891375362     
   5.63113791666667        4.14978583333333      -0.150387612612357     
   5.63113791666667        4.44605625000000      -0.146741108203243     
   5.63113791666667        4.74232666666667      -0.143109376857636     
   5.63113791666667        5.03859708333333      -0.139571012424727     
   5.63113791666667        5.33486750000000      -0.136165490056037     
   5.63113791666667        5.63113791666667      -0.132909640686480     
   5.63113791666667        5.92740833333333      -0.129858988570415     
   5.63113791666667        6.22367875000000      -0.127022173222353     
   5.63113791666667        6.51994916666667      -0.124377798644704     
   5.63113791666667        6.81621958333333      -0.121881185429975     
   5.63113791666667        7.11249000000000      -0.119480465062247     
   5.92740833333333       2.000000000000000E-003 -0.174953348896330     
   5.92740833333333       0.298270416666667      -0.175059966632961     
   5.92740833333333       0.594540833333333      -0.174842049036310     
   5.92740833333333       0.890811250000000      -0.173733002704766     
   5.92740833333333        1.18708166666667      -0.171844855237718     
   5.92740833333333        1.48335208333333      -0.169534191774511     
   5.92740833333333        1.77962250000000      -0.167062791484474     
   5.92740833333333        2.07589291666667      -0.164560313504305     
   5.92740833333333        2.37216333333333      -0.162061484848137     
   5.92740833333333        2.66843375000000      -0.159571588312931     
   5.92740833333333        2.96470416666667      -0.157041080151441     
   5.92740833333333        3.26097458333333      -0.154391877399962     
   5.92740833333333        3.55724500000000      -0.151561636704890     
   5.92740833333333        3.85351541666667      -0.148539096368462     
   5.92740833333333        4.14978583333333      -0.145370561975966     
   5.92740833333333        4.44605625000000      -0.142137965100532     
   5.92740833333333        4.74232666666667      -0.138924740974076     
   5.92740833333333        5.03859708333333      -0.135786678605810     
   5.92740833333333        5.33486750000000      -0.132742927835923     
   5.92740833333333        5.63113791666667      -0.129858976274717     
   5.92740833333333        5.92740833333333      -0.127171177759194     
   5.92740833333333        6.22367875000000      -0.124676901090708     
   5.92740833333333        6.51994916666667      -0.122346767734013     
   5.92740833333333        6.81621958333333      -0.120115799483261     
   5.92740833333333        7.11249000000000      -0.117909185615993     
   6.22367875000000       2.000000000000000E-003 -0.167511514948612     
   6.22367875000000       0.298270416666667      -0.168158267885969     
   6.22367875000000       0.594540833333333      -0.168482938673295     
   6.22367875000000       0.890811250000000      -0.167346267437361     
   6.22367875000000        1.18708166666667      -0.165304076377375     
   6.22367875000000        1.48335208333333      -0.162955403552822     
   6.22367875000000        1.77962250000000      -0.160565397720747     
   6.22367875000000        2.07589291666667      -0.158224819322147     
   6.22367875000000        2.37216333333333      -0.155927876020216     
   6.22367875000000        2.66843375000000      -0.153657643998858     
   6.22367875000000        2.96470416666667      -0.151368474608972     
   6.22367875000000        3.26097458333333      -0.148984876666404     
   6.22367875000000        3.55724500000000      -0.146443907919464     
   6.22367875000000        3.85351541666667      -0.143730354186850     
   6.22367875000000        4.14978583333333      -0.140885074255338     
   6.22367875000000        4.44605625000000      -0.137983658199838     
   6.22367875000000        4.74232666666667      -0.135101191604002     
   6.22367875000000        5.03859708333333      -0.132282258688140     
   6.22367875000000        5.33486750000000      -0.129564075685331     
   6.22367875000000        5.63113791666667      -0.127022157446669     
   6.22367875000000        5.92740833333333      -0.124676896395595     
   6.22367875000000        6.22367875000000      -0.122525993478699     
   6.22367875000000        6.51994916666667      -0.120525448601306     
   6.22367875000000        6.81621958333333      -0.118558878237674     
   6.22367875000000        7.11249000000000      -0.116510603455968     
   6.51994916666667       2.000000000000000E-003 -0.161290525755074     
   6.51994916666667       0.298270416666667      -0.162846909077126     
   6.51994916666667       0.594540833333333      -0.163324756652084     
   6.51994916666667       0.890811250000000      -0.161649865107131     
   6.51994916666667        1.18708166666667      -0.159323158937929     
   6.51994916666667        1.48335208333333      -0.156957029958879     
   6.51994916666667        1.77962250000000      -0.154680057993889     
   6.51994916666667        2.07589291666667      -0.152510383690383     
   6.51994916666667        2.37216333333333      -0.150421954711201     
   6.51994916666667        2.66843375000000      -0.148362415525425     
   6.51994916666667        2.96470416666667      -0.146293645682497     
   6.51994916666667        3.26097458333333      -0.144143974069094     
   6.51994916666667        3.55724500000000      -0.141850490165498     
   6.51994916666667        3.85351541666667      -0.139395507466999     
   6.51994916666667        4.14978583333333      -0.136816638378662     
   6.51994916666667        4.44605625000000      -0.134186424864836     
   6.51994916666667        4.74232666666667      -0.131577011825576     
   6.51994916666667        5.03859708333333      -0.129028954770762     
   6.51994916666667        5.33486750000000      -0.126611381833924     
   6.51994916666667        5.63113791666667      -0.124377792766679     
   6.51994916666667        5.92740833333333      -0.122346763247358     
   6.51994916666667        6.22367875000000      -0.120525430945781     
   6.51994916666667        6.51994916666667      -0.118863286872595     
   6.51994916666667        6.81621958333333      -0.117167588018875     
   6.51994916666667        7.11249000000000      -0.115228295961702     
   6.81621958333333       2.000000000000000E-003 -0.157167472037663     
   6.81621958333333       0.298270416666667      -0.158907612482361     
   6.81621958333333       0.594540833333333      -0.158116766273838     
   6.81621958333333       0.890811250000000      -0.155892034094661     
   6.81621958333333        1.18708166666667      -0.153579766613411     
   6.81621958333333        1.48335208333333      -0.151368711908048     
   6.81621958333333        1.77962250000000      -0.149272805789501     
   6.81621958333333        2.07589291666667      -0.147292672151541     
   6.81621958333333        2.37216333333333      -0.145400515664241     
   6.81621958333333        2.66843375000000      -0.143536247821630     
   6.81621958333333        2.96470416666667      -0.141663958471962     
   6.81621958333333        3.26097458333333      -0.139717613947442     
   6.81621958333333        3.55724500000000      -0.137636972420728     
   6.81621958333333        3.85351541666667      -0.135404450642113     
   6.81621958333333        4.14978583333333      -0.133056264770131     
   6.81621958333333        4.44605625000000      -0.130663357405055     
   6.81621958333333        4.74232666666667      -0.128296604534482     
   6.81621958333333        5.03859708333333      -0.126001411032889     
   6.81621958333333        5.33486750000000      -0.123848423559891     
   6.81621958333333        5.63113791666667      -0.121881201952031     
   6.81621958333333        5.92740833333333      -0.120115795959085     
   6.81621958333333        6.22367875000000      -0.118558812658890     
   6.81621958333333        6.51994916666667      -0.117167491125906     
   6.81621958333333        6.81621958333333      -0.115688814282671     
   6.81621958333333        7.11249000000000      -0.113804274525022     
   7.11249000000000       2.000000000000000E-003 -0.152787664765468     
   7.11249000000000       0.298270416666667      -0.153214499689670     
   7.11249000000000       0.594540833333333      -0.151996365975151     
   7.11249000000000       0.890811250000000      -0.150129408862718     
   7.11249000000000        1.18708166666667      -0.148144034319998     
   7.11249000000000        1.48335208333333      -0.146168188847594     
   7.11249000000000        1.77962250000000      -0.144265641885824     
   7.11249000000000        2.07589291666667      -0.142459458706433     
   7.11249000000000        2.37216333333333      -0.140742034736205     
   7.11249000000000        2.66843375000000      -0.139051297932998     
   7.11249000000000        2.96470416666667      -0.137352578514936     
   7.11249000000000        3.26097458333333      -0.135585334686387     
   7.11249000000000        3.55724500000000      -0.133694284826850     
   7.11249000000000        3.85351541666667      -0.131663817241031     
   7.11249000000000        4.14978583333333      -0.129528795420784     
   7.11249000000000        4.44605625000000      -0.127357091678229     
   7.11249000000000        4.74232666666667      -0.125217015814328     
   7.11249000000000        5.03859708333333      -0.123154532033547     
   7.11249000000000        5.33486750000000      -0.121232789360579     
   7.11249000000000        5.63113791666667      -0.119480512001561     
   7.11249000000000        5.92740833333333      -0.117909194352200     
   7.11249000000000        6.22367875000000      -0.116510497576698     
   7.11249000000000        6.51994916666667      -0.115228075622910     
   7.11249000000000        6.81621958333333      -0.113804159792710     
   7.11249000000000        7.11249000000000      -0.111900548673519     
