  2.000000000000000E-003  2.000000000000000E-003 -0.646698524880949     
  2.000000000000000E-003  0.298270416666667      -0.631909802196565     
  2.000000000000000E-003  0.594540833333333      -0.582517529712935     
  2.000000000000000E-003  0.890811250000000      -0.516469831874520     
  2.000000000000000E-003   1.18708166666667      -0.456991078703166     
  2.000000000000000E-003   1.48335208333333      -0.409063344702801     
  2.000000000000000E-003   1.77962250000000      -0.370854048666808     
  2.000000000000000E-003   2.07589291666667      -0.339790827378812     
  2.000000000000000E-003   2.37216333333333      -0.313798888742050     
  2.000000000000000E-003   2.66843375000000      -0.291676845837440     
  2.000000000000000E-003   2.96470416666667      -0.272408730786703     
  2.000000000000000E-003   3.26097458333333      -0.255281840935172     
  2.000000000000000E-003   3.55724500000000      -0.239833741599416     
  2.000000000000000E-003   3.85351541666667      -0.225800085912177     
  2.000000000000000E-003   4.14978583333333      -0.213060900777129     
  2.000000000000000E-003   4.44605625000000      -0.201559708217993     
  2.000000000000000E-003   4.74232666666667      -0.191228292512556     
  2.000000000000000E-003   5.03859708333333      -0.181953259200677     
  2.000000000000000E-003   5.33486750000000      -0.173785454156633     
  2.000000000000000E-003   5.63113791666667      -0.166653339450696     
  2.000000000000000E-003   5.92740833333333      -0.160427104475426     
  2.000000000000000E-003   6.22367875000000      -0.154987426670054     
  2.000000000000000E-003   6.51994916666667      -0.150541361637251     
  2.000000000000000E-003   6.81621958333333      -0.147684633263518     
  2.000000000000000E-003   7.11249000000000      -0.144328987507969     
  0.298270416666667       2.000000000000000E-003 -0.793272802902927     
  0.298270416666667       0.298270416666667      -0.691917273969875     
  0.298270416666667       0.594540833333333      -0.614720860727758     
  0.298270416666667       0.890811250000000      -0.550389132766524     
  0.298270416666667        1.18708166666667      -0.489292051253821     
  0.298270416666667        1.48335208333333      -0.437207086225248     
  0.298270416666667        1.77962250000000      -0.394417278782816     
  0.298270416666667        2.07589291666667      -0.358991889598890     
  0.298270416666667        2.37216333333333      -0.329139336637406     
  0.298270416666667        2.66843375000000      -0.304050877585279     
  0.298270416666667        2.96470416666667      -0.282442513581768     
  0.298270416666667        3.26097458333333      -0.263436618841835     
  0.298270416666667        3.55724500000000      -0.246485128570211     
  0.298270416666667        3.85351541666667      -0.231267822411850     
  0.298270416666667        4.14978583333333      -0.217610182252644     
  0.298270416666667        4.44605625000000      -0.205397921906319     
  0.298270416666667        4.74232666666667      -0.194510305546191     
  0.298270416666667        5.03859708333333      -0.184798088754010     
  0.298270416666667        5.33486750000000      -0.176276181835298     
  0.298270416666667        5.63113791666667      -0.168909588041090     
  0.298270416666667        5.92740833333333      -0.162611598318775     
  0.298270416666667        6.22367875000000      -0.157364823061358     
  0.298270416666667        6.51994916666667      -0.153374569168039     
  0.298270416666667        6.81621958333333      -0.150666619207218     
  0.298270416666667        7.11249000000000      -0.147011050384206     
  0.594540833333333       2.000000000000000E-003 -0.878887613434949     
  0.594540833333333       0.298270416666667      -0.790248068630398     
  0.594540833333333       0.594540833333333      -0.671440283466723     
  0.594540833333333       0.890811250000000      -0.587390989242781     
  0.594540833333333        1.18708166666667      -0.519577038930663     
  0.594540833333333        1.48335208333333      -0.462606738412254     
  0.594540833333333        1.77962250000000      -0.415265694969891     
  0.594540833333333        2.07589291666667      -0.375770105435968     
  0.594540833333333        2.37216333333333      -0.342612572009017     
  0.594540833333333        2.66843375000000      -0.314919249079260     
  0.594540833333333        2.96470416666667      -0.291225701031276     
  0.594540833333333        3.26097458333333      -0.270556907537986     
  0.594540833333333        3.55724500000000      -0.252285644599520     
  0.594540833333333        3.85351541666667      -0.236028060508807     
  0.594540833333333        4.14978583333333      -0.221553439766391     
  0.594540833333333        4.44605625000000      -0.208700339468847     
  0.594540833333333        4.74232666666667      -0.197316434910658     
  0.594540833333333        5.03859708333333      -0.187233953056786     
  0.594540833333333        5.33486750000000      -0.178432140417752     
  0.594540833333333        5.63113791666667      -0.170898450296557     
  0.594540833333333        5.92740833333333      -0.164590083564405     
  0.594540833333333        6.22367875000000      -0.159487407306218     
  0.594540833333333        6.51994916666667      -0.155471311370762     
  0.594540833333333        6.81621958333333      -0.151908733796496     
  0.594540833333333        7.11249000000000      -0.147794823174964     
  0.890811250000000       2.000000000000000E-003 -0.911760179081656     
  0.890811250000000       0.298270416666667      -0.852254647698152     
  0.890811250000000       0.594540833333333      -0.737622975980211     
  0.890811250000000       0.890811250000000      -0.634382514778723     
  0.890811250000000        1.18708166666667      -0.552196208902094     
  0.890811250000000        1.48335208333333      -0.486389050145158     
  0.890811250000000        1.77962250000000      -0.433124168690708     
  0.890811250000000        2.07589291666667      -0.389473454933643     
  0.890811250000000        2.37216333333333      -0.353636340717388     
  0.890811250000000        2.66843375000000      -0.323811210996132     
  0.890811250000000        2.96470416666667      -0.298449421490218     
  0.890811250000000        3.26097458333333      -0.276484636668208     
  0.890811250000000        3.55724500000000      -0.257189163706060     
  0.890811250000000        3.85351541666667      -0.240095873655272     
  0.890811250000000        4.14978583333333      -0.224923172402539     
  0.890811250000000        4.44605625000000      -0.211488242228585     
  0.890811250000000        4.74232666666667      -0.199635528397189     
  0.890811250000000        5.03859708333333      -0.189208739434003     
  0.890811250000000        5.33486750000000      -0.180115286881333     
  0.890811250000000        5.63113791666667      -0.172353530298971     
  0.890811250000000        5.92740833333333      -0.165852966201992     
  0.890811250000000        6.22367875000000      -0.160484146306456     
  0.890811250000000        6.51994916666667      -0.155935037159640     
  0.890811250000000        6.81621958333333      -0.151643000784546     
  0.890811250000000        7.11249000000000      -0.147137299308835     
   1.18708166666667       2.000000000000000E-003 -0.905286757745520     
   1.18708166666667       0.298270416666667      -0.864644982250730     
   1.18708166666667       0.594540833333333      -0.770575202751761     
   1.18708166666667       0.890811250000000      -0.667859986356366     
   1.18708166666667        1.18708166666667      -0.578219715373957     
   1.18708166666667        1.48335208333333      -0.505104787709630     
   1.18708166666667        1.77962250000000      -0.446498120049226     
   1.18708166666667        2.07589291666667      -0.399619024207508     
   1.18708166666667        2.37216333333333      -0.361758315010342     
   1.18708166666667        2.66843375000000      -0.330415489220530     
   1.18708166666667        2.96470416666667      -0.303962175342114     
   1.18708166666667        3.26097458333333      -0.281206771746649     
   1.18708166666667        3.55724500000000      -0.261270203029696     
   1.18708166666667        3.85351541666667      -0.243574203456175     
   1.18708166666667        4.14978583333333      -0.227807379131480     
   1.18708166666667        4.44605625000000      -0.213818820894139     
   1.18708166666667        4.74232666666667      -0.201493868531006     
   1.18708166666667        5.03859708333333      -0.190696583014402     
   1.18708166666667        5.33486750000000      -0.181292223121653     
   1.18708166666667        5.63113791666667      -0.173224629368083     
   1.18708166666667        5.92740833333333      -0.166387856648107     
   1.18708166666667        6.22367875000000      -0.160590624155193     
   1.18708166666667        6.51994916666667      -0.155518231196774     
   1.18708166666667        6.81621958333333      -0.150768792500954     
   1.18708166666667        7.11249000000000      -0.146033537106010     
   1.48335208333333       2.000000000000000E-003 -0.870260744789417     
   1.48335208333333       0.298270416666667      -0.841112538495443     
   1.48335208333333       0.594540833333333      -0.766692939024311     
   1.48335208333333       0.890811250000000      -0.675891661008135     
   1.48335208333333        1.18708166666667      -0.588588687423395     
   1.48335208333333        1.48335208333333      -0.513799812218667     
   1.48335208333333        1.77962250000000      -0.453313215167505     
   1.48335208333333        2.07589291666667      -0.405414465291655     
   1.48335208333333        2.37216333333333      -0.366584595810217     
   1.48335208333333        2.66843375000000      -0.334590507747144     
   1.48335208333333        2.96470416666667      -0.307818839826826     
   1.48335208333333        3.26097458333333      -0.284896150253577     
   1.48335208333333        3.55724500000000      -0.264748915135919     
   1.48335208333333        3.85351541666667      -0.246656034869030     
   1.48335208333333        4.14978583333333      -0.230331468108959     
   1.48335208333333        4.44605625000000      -0.215749078491717     
   1.48335208333333        4.74232666666667      -0.202924742618994     
   1.48335208333333        5.03859708333333      -0.191741787017923     
   1.48335208333333        5.33486750000000      -0.182026093955041     
   1.48335208333333        5.63113791666667      -0.173631921190358     
   1.48335208333333        5.92740833333333      -0.166433967228612     
   1.48335208333333        6.22367875000000      -0.160239775543848     
   1.48335208333333        6.51994916666667      -0.154775533498913     
   1.48335208333333        6.81621958333333      -0.149742168111813     
   1.48335208333333        7.11249000000000      -0.144890819205455     
   1.77962250000000       2.000000000000000E-003 -0.815299570433113     
   1.77962250000000       0.298270416666667      -0.793989208464514     
   1.77962250000000       0.594540833333333      -0.735465564472818     
   1.77962250000000       0.890811250000000      -0.658800404124008     
   1.77962250000000        1.18708166666667      -0.580300474895799     
   1.77962250000000        1.48335208333333      -0.510366604733027     
   1.77962250000000        1.77962250000000      -0.453157103950084     
   1.77962250000000        2.07589291666667      -0.406320473073853     
   1.77962250000000        2.37216333333333      -0.367929708989933     
   1.77962250000000        2.66843375000000      -0.336314738339115     
   1.77962250000000        2.96470416666667      -0.310019581835072     
   1.77962250000000        3.26097458333333      -0.287595025401079     
   1.77962250000000        3.55724500000000      -0.267623490688741     
   1.77962250000000        3.85351541666667      -0.249271651672949     
   1.77962250000000        4.14978583333333      -0.232390150724963     
   1.77962250000000        4.44605625000000      -0.217227902541402     
   1.77962250000000        4.74232666666667      -0.203911376168954     
   1.77962250000000        5.03859708333333      -0.192388851722544     
   1.77962250000000        5.33486750000000      -0.182405003767157     
   1.77962250000000        5.63113791666667      -0.173736958112239     
   1.77962250000000        5.92740833333333      -0.166228777318202     
   1.77962250000000        6.22367875000000      -0.159720793000488     
   1.77962250000000        6.51994916666667      -0.153985692161324     
   1.77962250000000        6.81621958333333      -0.148773799527765     
   1.77962250000000        7.11249000000000      -0.143865473194476     
   2.07589291666667       2.000000000000000E-003 -0.745914084735015     
   2.07589291666667       0.298270416666667      -0.728845996923713     
   2.07589291666667       0.594540833333333      -0.683843362771721     
   2.07589291666667       0.890811250000000      -0.621721709103135     
   2.07589291666667        1.18708166666667      -0.557609592830719     
   2.07589291666667        1.48335208333333      -0.498298851380276     
   2.07589291666667        1.77962250000000      -0.446318764403019     
   2.07589291666667        2.07589291666667      -0.402286167699794     
   2.07589291666667        2.37216333333333      -0.365580608990381     
   2.07589291666667        2.66843375000000      -0.335253740164564     
   2.07589291666667        2.96470416666667      -0.310305431253336     
   2.07589291666667        3.26097458333333      -0.289191503163773     
   2.07589291666667        3.55724500000000      -0.269883925424286     
   2.07589291666667        3.85351541666667      -0.251263283038896     
   2.07589291666667        4.14978583333333      -0.233732573819253     
   2.07589291666667        4.44605625000000      -0.218070148063164     
   2.07589291666667        4.74232666666667      -0.204444036828850     
   2.07589291666667        5.03859708333333      -0.192671910252784     
   2.07589291666667        5.33486750000000      -0.182526699347687     
   2.07589291666667        5.63113791666667      -0.173663170003013     
   2.07589291666667        5.92740833333333      -0.165924444877784     
   2.07589291666667        6.22367875000000      -0.159183560912396     
   2.07589291666667        6.51994916666667      -0.153258971197186     
   2.07589291666667        6.81621958333333      -0.147933532556658     
   2.07589291666667        7.11249000000000      -0.142996325811753     
   2.37216333333333       2.000000000000000E-003 -0.669692422710550     
   2.37216333333333       0.298270416666667      -0.657998323348793     
   2.37216333333333       0.594540833333333      -0.625949774726027     
   2.37216333333333       0.890811250000000      -0.580666883322508     
   2.37216333333333        1.18708166666667      -0.529822897362710     
   2.37216333333333        1.48335208333333      -0.479433258068912     
   2.37216333333333        1.77962250000000      -0.433453380376855     
   2.37216333333333        2.07589291666667      -0.393446068945408     
   2.37216333333333        2.37216333333333      -0.359410609540430     
   2.37216333333333        2.66843375000000      -0.331164151719666     
   2.37216333333333        2.96470416666667      -0.308354508471041     
   2.37216333333333        3.26097458333333      -0.289518050925533     
   2.37216333333333        3.55724500000000      -0.271424475220536     
   2.37216333333333        3.85351541666667      -0.252340811155403     
   2.37216333333333        4.14978583333333      -0.234094436501990     
   2.37216333333333        4.44605625000000      -0.218286882329539     
   2.37216333333333        4.74232666666667      -0.204695524043637     
   2.37216333333333        5.03859708333333      -0.192827140061915     
   2.37216333333333        5.33486750000000      -0.182485998139631     
   2.37216333333333        5.63113791666667      -0.173483518269799     
   2.37216333333333        5.92740833333333      -0.165561988469995     
   2.37216333333333        6.22367875000000      -0.158651260429137     
   2.37216333333333        6.51994916666667      -0.152602824795464     
   2.37216333333333        6.81621958333333      -0.147206558926473     
   2.37216333333333        7.11249000000000      -0.142255638653346     
   2.66843375000000       2.000000000000000E-003 -0.607078959922018     
   2.66843375000000       0.298270416666667      -0.598455032632636     
   2.66843375000000       0.594540833333333      -0.574248369985132     
   2.66843375000000       0.890811250000000      -0.538695101660962     
   2.66843375000000        1.18708166666667      -0.497156670722762     
   2.66843375000000        1.48335208333333      -0.454790186319731     
   2.66843375000000        1.77962250000000      -0.415461187950705     
   2.66843375000000        2.07589291666667      -0.380524449359571     
   2.66843375000000        2.37216333333333      -0.350212369393541     
   2.66843375000000        2.66843375000000      -0.324583673761456     
   2.66843375000000        2.96470416666667      -0.304014071524074     
   2.66843375000000        3.26097458333333      -0.288178217073165     
   2.66843375000000        3.55724500000000      -0.272001342264654     
   2.66843375000000        3.85351541666667      -0.251907106892309     
   2.66843375000000        4.14978583333333      -0.233404140083430     
   2.66843375000000        4.44605625000000      -0.218365450656403     
   2.66843375000000        4.74232666666667      -0.205110629519341     
   2.66843375000000        5.03859708333333      -0.193096483065130     
   2.66843375000000        5.33486750000000      -0.182452436542358     
   2.66843375000000        5.63113791666667      -0.173199947159308     
   2.66843375000000        5.92740833333333      -0.165110559478956     
   2.66843375000000        6.22367875000000      -0.158070824496457     
   2.66843375000000        6.51994916666667      -0.151940842566496     
   2.66843375000000        6.81621958333333      -0.146509053939213     
   2.66843375000000        7.11249000000000      -0.141560709623187     
   2.96470416666667       2.000000000000000E-003 -0.548261149626908     
   2.96470416666667       0.298270416666667      -0.541524294274882     
   2.96470416666667       0.594540833333333      -0.522478930304322     
   2.96470416666667       0.890811250000000      -0.494118385889468     
   2.96470416666667        1.18708166666667      -0.460547252587518     
   2.96470416666667        1.48335208333333      -0.426149008400755     
   2.96470416666667        1.77962250000000      -0.393989719805630     
   2.96470416666667        2.07589291666667      -0.365146164555875     
   2.96470416666667        2.37216333333333      -0.339812771435933     
   2.96470416666667        2.66843375000000      -0.317602125504310     
   2.96470416666667        2.96470416666667      -0.298431544007780     
   2.96470416666667        3.26097458333333      -0.284400037014604     
   2.96470416666667        3.55724500000000      -0.271051271351209     
   2.96470416666667        3.85351541666667      -0.249642032881265     
   2.96470416666667        4.14978583333333      -0.233103831812180     
   2.96470416666667        4.44605625000000      -0.219562514464760     
   2.96470416666667        4.74232666666667      -0.206073929366685     
   2.96470416666667        5.03859708333333      -0.193412261876199     
   2.96470416666667        5.33486750000000      -0.182264263092953     
   2.96470416666667        5.63113791666667      -0.172691246679980     
   2.96470416666667        5.92740833333333      -0.164441931660265     
   2.96470416666667        6.22367875000000      -0.157331722207775     
   2.96470416666667        6.51994916666667      -0.151176470333431     
   2.96470416666667        6.81621958333333      -0.145746633091422     
   2.96470416666667        7.11249000000000      -0.140818001976293     
   3.26097458333333       2.000000000000000E-003 -0.490847211372470     
   3.26097458333333       0.298270416666667      -0.485606793937894     
   3.26097458333333       0.594540833333333      -0.470824958082464     
   3.26097458333333       0.890811250000000      -0.448773686923994     
   3.26097458333333        1.18708166666667      -0.422640067271749     
   3.26097458333333        1.48335208333333      -0.395961189383208     
   3.26097458333333        1.77962250000000      -0.371084126529474     
   3.26097458333333        2.07589291666667      -0.348842738687891     
   3.26097458333333        2.37216333333333      -0.329622996827550     
   3.26097458333333        2.66843375000000      -0.312863958557512     
   3.26097458333333        2.96470416666667      -0.296269792739542     
   3.26097458333333        3.26097458333333      -0.278674880978083     
   3.26097458333333        3.55724500000000      -0.266822127354153     
   3.26097458333333        3.85351541666667      -0.248580812464352     
   3.26097458333333        4.14978583333333      -0.236346614789862     
   3.26097458333333        4.44605625000000      -0.221655543209356     
   3.26097458333333        4.74232666666667      -0.206464318387421     
   3.26097458333333        5.03859708333333      -0.192885279960987     
   3.26097458333333        5.33486750000000      -0.181356771899481     
   3.26097458333333        5.63113791666667      -0.171646077067982     
   3.26097458333333        5.92740833333333      -0.163352297973329     
   3.26097458333333        6.22367875000000      -0.156281340717664     
   3.26097458333333        6.51994916666667      -0.150185886946156     
   3.26097458333333        6.81621958333333      -0.144813141438110     
   3.26097458333333        7.11249000000000      -0.139934640707308     
   3.55724500000000       2.000000000000000E-003 -0.437538459066897     
   3.55724500000000       0.298270416666667      -0.433600537446820     
   3.55724500000000       0.594540833333333      -0.422551720071782     
   3.55724500000000       0.890811250000000      -0.406094410367511     
   3.55724500000000        1.18708166666667      -0.386604609062987     
   3.55724500000000        1.48335208333333      -0.366787473560402     
   3.55724500000000        1.77962250000000      -0.348260796386855     
   3.55724500000000        2.07589291666667      -0.331831602086556     
   3.55724500000000        2.37216333333333      -0.318001383217131     
   3.55724500000000        2.66843375000000      -0.306608586653788     
   3.55724500000000        2.96470416666667      -0.295287769486727     
   3.55724500000000        3.26097458333333      -0.277570987626398     
   3.55724500000000        3.55724500000000      -0.256732339159000     
   3.55724500000000        3.85351541666667      -0.246932073587222     
   3.55724500000000        4.14978583333333      -0.233901163421188     
   3.55724500000000        4.44605625000000      -0.218134706166098     
   3.55724500000000        4.74232666666667      -0.203146351736668     
   3.55724500000000        5.03859708333333      -0.190097548789170     
   3.55724500000000        5.33486750000000      -0.179046566646218     
   3.55724500000000        5.63113791666667      -0.169701501559566     
   3.55724500000000        5.92740833333333      -0.161653585995230     
   3.55724500000000        6.22367875000000      -0.154791085556438     
   3.55724500000000        6.51994916666667      -0.148863390111780     
   3.55724500000000        6.81621958333333      -0.143616444225981     
   3.55724500000000        7.11249000000000      -0.138831831720655     
   3.85351541666667       2.000000000000000E-003 -0.391489414267299     
   3.85351541666667       0.298270416666667      -0.388657927621036     
   3.85351541666667       0.594540833333333      -0.380705735694566     
   3.85351541666667       0.890811250000000      -0.368811165523567     
   3.85351541666667        1.18708166666667      -0.354634686573650     
   3.85351541666667        1.48335208333333      -0.340090551457012     
   3.85351541666667        1.77962250000000      -0.326293355498139     
   3.85351541666667        2.07589291666667      -0.313669169230744     
   3.85351541666667        2.37216333333333      -0.302383688425986     
   3.85351541666667        2.66843375000000      -0.291492054817757     
   3.85351541666667        2.96470416666667      -0.278248925825024     
   3.85351541666667        3.26097458333333      -0.262641968045706     
   3.85351541666667        3.55724500000000      -0.253181722213036     
   3.85351541666667        3.85351541666667      -0.231950739604389     
   3.85351541666667        4.14978583333333      -0.217311333577925     
   3.85351541666667        4.44605625000000      -0.206487345119375     
   3.85351541666667        4.74232666666667      -0.195447445897479     
   3.85351541666667        5.03859708333333      -0.184823992419458     
   3.85351541666667        5.33486750000000      -0.175239440779331     
   3.85351541666667        5.63113791666667      -0.166782709562362     
   3.85351541666667        5.92740833333333      -0.159305155396106     
   3.85351541666667        6.22367875000000      -0.152827508250073     
   3.85351541666667        6.51994916666667      -0.147170439229688     
   3.85351541666667        6.81621958333333      -0.142114936786213     
   3.85351541666667        7.11249000000000      -0.137471556695100     
   4.14978583333333       2.000000000000000E-003 -0.353982522266741     
   4.14978583333333       0.298270416666667      -0.351976985312456     
   4.14978583333333       0.594540833333333      -0.346295802159924     
   4.14978583333333       0.890811250000000      -0.337686956554264     
   4.14978583333333        1.18708166666667      -0.327234854591115     
   4.14978583333333        1.48335208333333      -0.316220587084766     
   4.14978583333333        1.77962250000000      -0.305342237114292     
   4.14978583333333        2.07589291666667      -0.294714130377664     
   4.14978583333333        2.37216333333333      -0.284120193155406     
   4.14978583333333        2.66843375000000      -0.272575150951692     
   4.14978583333333        2.96470416666667      -0.259655118288381     
   4.14978583333333        3.26097458333333      -0.250546479734977     
   4.14978583333333        3.55724500000000      -0.245855962986650     
   4.14978583333333        3.85351541666667      -0.226707901184169     
   4.14978583333333        4.14978583333333      -0.207433368100801     
   4.14978583333333        4.44605625000000      -0.195986148269744     
   4.14978583333333        4.74232666666667      -0.187029763859108     
   4.14978583333333        5.03859708333333      -0.178564527800750     
   4.14978583333333        5.33486750000000      -0.170579621139924     
   4.14978583333333        5.63113791666667      -0.163208893658884     
   4.14978583333333        5.92740833333333      -0.156465410217478     
   4.14978583333333        6.22367875000000      -0.150476715595725     
   4.14978583333333        6.51994916666667      -0.145154602554657     
   4.14978583333333        6.81621958333333      -0.140335120961317     
   4.14978583333333        7.11249000000000      -0.135871946973916     
   4.44605625000000       2.000000000000000E-003 -0.323993724498602     
   4.44605625000000       0.298270416666667      -0.322515639389744     
   4.44605625000000       0.594540833333333      -0.318278501539224     
   4.44605625000000       0.890811250000000      -0.311745608526750     
   4.44605625000000        1.18708166666667      -0.303605872762405     
   4.44605625000000        1.48335208333333      -0.294670017052282     
   4.44605625000000        1.77962250000000      -0.285502726841422     
   4.44605625000000        2.07589291666667      -0.276030768162061     
   4.44605625000000        2.37216333333333      -0.266147933743888     
   4.44605625000000        2.66843375000000      -0.255741298217473     
   4.44605625000000        2.96470416666667      -0.245829715856226     
   4.44605625000000        3.26097458333333      -0.239018480328607     
   4.44605625000000        3.55724500000000      -0.232406111456398     
   4.44605625000000        3.85351541666667      -0.218189326373867     
   4.44605625000000        4.14978583333333      -0.201581955377576     
   4.44605625000000        4.44605625000000      -0.189296096702346     
   4.44605625000000        4.74232666666667      -0.180354360241239     
   4.44605625000000        5.03859708333333      -0.172804646037898     
   4.44605625000000        5.33486750000000      -0.165906291867444     
   4.44605625000000        5.63113791666667      -0.159443239453599     
   4.44605625000000        5.92740833333333      -0.153396291526405     
   4.44605625000000        6.22367875000000      -0.147899678093649     
   4.44605625000000        6.51994916666667      -0.142923179201967     
   4.44605625000000        6.81621958333333      -0.138354298153018     
   4.44605625000000        7.11249000000000      -0.134096159834970     
   4.74232666666667       2.000000000000000E-003 -0.299382067389619     
   4.74232666666667       0.298270416666667      -0.298200463795658     
   4.74232666666667       0.594540833333333      -0.294778779768227     
   4.74232666666667       0.890811250000000      -0.289434105471593     
   4.74232666666667        1.18708166666667      -0.282640415009162     
   4.74232666666667        1.48335208333333      -0.274948184138368     
   4.74232666666667        1.77962250000000      -0.266840836396757     
   4.74232666666667        2.07589291666667      -0.258358672789229     
   4.74232666666667        2.37216333333333      -0.249567865676645     
   4.74232666666667        2.66843375000000      -0.240779655683073     
   4.74232666666667        2.96470416666667      -0.232757039384388     
   4.74232666666667        3.26097458333333      -0.225994126403056     
   4.74232666666667        3.55724500000000      -0.218443111740390     
   4.74232666666667        3.85351541666667      -0.207427143368938     
   4.74232666666667        4.14978583333333      -0.194713926161041     
   4.74232666666667        4.44605625000000      -0.183679911466183     
   4.74232666666667        4.74232666666667      -0.175014691393476     
   4.74232666666667        5.03859708333333      -0.167911482830426     
   4.74232666666667        5.33486750000000      -0.161656170143030     
   4.74232666666667        5.63113791666667      -0.155819449858212     
   4.74232666666667        5.92740833333333      -0.150321935554646     
   4.74232666666667        6.22367875000000      -0.145252970820532     
   4.74232666666667        6.51994916666667      -0.140584392736803     
   4.74232666666667        6.81621958333333      -0.136251121835526     
   4.74232666666667        7.11249000000000      -0.132211309814550     
   5.03859708333333       2.000000000000000E-003 -0.278484842494744     
   5.03859708333333       0.298270416666667      -0.277445322597386     
   5.03859708333333       0.594540833333333      -0.274440559493989     
   5.03859708333333       0.890811250000000      -0.269738152219278     
   5.03859708333333        1.18708166666667      -0.263751823272673     
   5.03859708333333        1.48335208333333      -0.256924150296878     
   5.03859708333333        1.77962250000000      -0.249648298953382     
   5.03859708333333        2.07589291666667      -0.242159532586023     
   5.03859708333333        2.37216333333333      -0.234543553019001     
   5.03859708333333        2.66843375000000      -0.227094702934948     
   5.03859708333333        2.96470416666667      -0.220120287411159     
   5.03859708333333        3.26097458333333      -0.213477774033822     
   5.03859708333333        3.55724500000000      -0.206126560363771     
   5.03859708333333        3.85351541666667      -0.197157712387401     
   5.03859708333333        4.14978583333333      -0.187280320791447     
   5.03859708333333        4.44605625000000      -0.178046490469168     
   5.03859708333333        4.74232666666667      -0.170214819346344     
   5.03859708333333        5.03859708333333      -0.163634467473018     
   5.03859708333333        5.33486750000000      -0.157839779259914     
   5.03859708333333        5.63113791666667      -0.152429345060397     
   5.03859708333333        5.92740833333333      -0.147366252516629     
   5.03859708333333        6.22367875000000      -0.142629100026466     
   5.03859708333333        6.51994916666667      -0.138186619047621     
   5.03859708333333        6.81621958333333      -0.134053567091826     
   5.03859708333333        7.11249000000000      -0.130245300404894     
   5.33486750000000       2.000000000000000E-003 -0.260449592457533     
   5.33486750000000       0.298270416666667      -0.259524777039656     
   5.33486750000000       0.594540833333333      -0.256789452368339     
   5.33486750000000       0.890811250000000      -0.252489403038478     
   5.33486750000000        1.18708166666667      -0.247030830469604     
   5.33486750000000        1.48335208333333      -0.240872265368781     
   5.33486750000000        1.77962250000000      -0.234392499688461     
   5.33486750000000        2.07589291666667      -0.227813897427591     
   5.33486750000000        2.37216333333333      -0.221252041468079     
   5.33486750000000        2.66843375000000      -0.214830047840771     
   5.33486750000000        2.96470416666667      -0.208614257244500     
   5.33486750000000        3.26097458333333      -0.202387534567245     
   5.33486750000000        3.55724500000000      -0.195654594138460     
   5.33486750000000        3.85351541666667      -0.188119822653840     
   5.33486750000000        4.14978583333333      -0.180140299618117     
   5.33486750000000        4.44605625000000      -0.172476029254947     
   5.33486750000000        4.74232666666667      -0.165639632792035     
   5.33486750000000        5.03859708333333      -0.159663171303119     
   5.33486750000000        5.33486750000000      -0.154268033880141     
   5.33486750000000        5.63113791666667      -0.149282874029647     
   5.33486750000000        5.92740833333333      -0.144579619439197     
   5.33486750000000        6.22367875000000      -0.140085146008697     
   5.33486750000000        6.51994916666667      -0.135810714846317     
   5.33486750000000        6.81621958333333      -0.131848825262756     
   5.33486750000000        7.11249000000000      -0.128305896916516     
   5.63113791666667       2.000000000000000E-003 -0.244618638369325     
   5.63113791666667       0.298270416666667      -0.243866003726635     
   5.63113791666667       0.594540833333333      -0.241520269655850     
   5.63113791666667       0.890811250000000      -0.237641750768139     
   5.63113791666667        1.18708166666667      -0.232642178303938     
   5.63113791666667        1.48335208333333      -0.227053579678755     
   5.63113791666667        1.77962250000000      -0.221253631783435     
   5.63113791666667        2.07589291666667      -0.215469359371248     
   5.63113791666667        2.37216333333333      -0.209762277980062     
   5.63113791666667        2.66843375000000      -0.204129734030638     
   5.63113791666667        2.96470416666667      -0.198515646321441     
   5.63113791666667        3.26097458333333      -0.192792717151059     
   5.63113791666667        3.55724500000000      -0.186729797908885     
   5.63113791666667        3.85351541666667      -0.180251354677153     
   5.63113791666667        4.14978583333333      -0.173576309252019     
   5.63113791666667        4.44605625000000      -0.167116999188556     
   5.63113791666667        4.74232666666667      -0.161166597355652     
   5.63113791666667        5.03859708333333      -0.155798326329802     
   5.63113791666667        5.33486750000000      -0.150929704951347     
   5.63113791666667        5.63113791666667      -0.146402537948216     
   5.63113791666667        5.92740833333333      -0.142046020300909     
   5.63113791666667        6.22367875000000      -0.137755525923281     
   5.63113791666667        6.51994916666667      -0.133562173623724     
   5.63113791666667        6.81621958333333      -0.129696942934205     
   5.63113791666667        7.11249000000000      -0.126427512791194     
   5.92740833333333       2.000000000000000E-003 -0.230527239281863     
   5.92740833333333       0.298270416666667      -0.230152670171602     
   5.92740833333333       0.594540833333333      -0.228453204932900     
   5.92740833333333       0.890811250000000      -0.224994212526060     
   5.92740833333333        1.18708166666667      -0.220340518374680     
   5.92740833333333        1.48335208333333      -0.215211261092220     
   5.92740833333333        1.77962250000000      -0.209989481478442     
   5.92740833333333        2.07589291666667      -0.204817068053071     
   5.92740833333333        2.37216333333333      -0.199740752500499     
   5.92740833333333        2.66843375000000      -0.194713448368733     
   5.92740833333333        2.96470416666667      -0.189649015127059     
   5.92740833333333        3.26097458333333      -0.184435162271408     
   5.92740833333333        3.55724500000000      -0.178984059517814     
   5.92740833333333        3.85351541666667      -0.173311385236054     
   5.92740833333333        4.14978583333333      -0.167578733294761     
   5.92740833333333        4.44605625000000      -0.162029775998684     
   5.92740833333333        4.74232666666667      -0.156864200305058     
   5.92740833333333        5.03859708333333      -0.152158604427433     
   5.92740833333333        5.33486750000000      -0.147864366919831     
   5.92740833333333        5.63113791666667      -0.143832625135843     
   5.92740833333333        5.92740833333333      -0.139877537737821     
   5.92740833333333        6.22367875000000      -0.135802729043643     
   5.92740833333333        6.51994916666667      -0.131575051028920     
   5.92740833333333        6.81621958333333      -0.127632160633773     
   5.92740833333333        7.11249000000000      -0.124631699287242     
   6.22367875000000       2.000000000000000E-003 -0.217846556145152     
   6.22367875000000       0.298270416666667      -0.218271955131372     
   6.22367875000000       0.594540833333333      -0.217428528963444     
   6.22367875000000       0.890811250000000      -0.214109625125131     
   6.22367875000000        1.18708166666667      -0.209543333711281     
   6.22367875000000        1.48335208333333      -0.204730793190405     
   6.22367875000000        1.77962250000000      -0.199984940600529     
   6.22367875000000        2.07589291666667      -0.195323586838913     
   6.22367875000000        2.37216333333333      -0.190738446648365     
   6.22367875000000        2.66843375000000      -0.186193229991197     
   6.22367875000000        2.96470416666667      -0.181618373470736     
   6.22367875000000        3.26097458333333      -0.176932973304290     
   6.22367875000000        3.55724500000000      -0.172090597300658     
   6.22367875000000        3.85351541666667      -0.167125206761396     
   6.22367875000000        4.14978583333333      -0.162160767333854     
   6.22367875000000        4.44605625000000      -0.157366784552720     
   6.22367875000000        4.74232666666667      -0.152885605376798     
   6.22367875000000        5.03859708333333      -0.148783501609369     
   6.22367875000000        5.33486750000000      -0.145038370213364     
   6.22367875000000        5.63113791666667      -0.141544069213291     
   6.22367875000000        5.92740833333333      -0.138109880764489     
   6.22367875000000        6.22367875000000      -0.134411798904844     
   6.22367875000000        6.51994916666667      -0.130143404501549     
   6.22367875000000        6.81621958333333      -0.125799292305664     
   6.22367875000000        7.11249000000000      -0.122983727107791     
   6.51994916666667       2.000000000000000E-003 -0.207318462730743     
   6.51994916666667       0.298270416666667      -0.208859633997336     
   6.51994916666667       0.594540833333333      -0.208023256608345     
   6.51994916666667       0.890811250000000      -0.204072857463631     
   6.51994916666667        1.18708166666667      -0.199459799183664     
   6.51994916666667        1.48335208333333      -0.194985604344700     
   6.51994916666667        1.77962250000000      -0.190697737736605     
   6.51994916666667        2.07589291666667      -0.186521685126943     
   6.51994916666667        2.37216333333333      -0.182411443176166     
   6.51994916666667        2.66843375000000      -0.178338228130219     
   6.51994916666667        2.96470416666667      -0.174266996757677     
   6.51994916666667        3.26097458333333      -0.170136337477404     
   6.51994916666667        3.55724500000000      -0.165904859371585     
   6.51994916666667        3.85351541666667      -0.161591274586253     
   6.51994916666667        4.14978583333333      -0.157283206297962     
   6.51994916666667        4.44605625000000      -0.153105955080100     
   6.51994916666667        4.74232666666667      -0.149173885169498     
   6.51994916666667        5.03859708333333      -0.145563600184186     
   6.51994916666667        5.33486750000000      -0.142292177852545     
   6.51994916666667        5.63113791666667      -0.139322216861842     
   6.51994916666667        5.92740833333333      -0.136529042702991     
   6.51994916666667        6.22367875000000      -0.133561294706191     
   6.51994916666667        6.51994916666667      -0.129719902378426     
   6.51994916666667        6.81621958333333      -0.124772569987232     
   6.51994916666667        7.11249000000000      -0.121799102265232     
   6.81621958333333       2.000000000000000E-003 -0.201074587655784     
   6.81621958333333       0.298270416666667      -0.201790001238849     
   6.81621958333333       0.594540833333333      -0.198211964054703     
   6.81621958333333       0.890811250000000      -0.193711338020699     
   6.81621958333333        1.18708166666667      -0.189605776699588     
   6.81621958333333        1.48335208333333      -0.185722102900419     
   6.81621958333333        1.77962250000000      -0.181947665801709     
   6.81621958333333        2.07589291666667      -0.178261098228139     
   6.81621958333333        2.37216333333333      -0.174651154241628     
   6.81621958333333        2.66843375000000      -0.171081573509839     
   6.81621958333333        2.96470416666667      -0.167537429289978     
   6.81621958333333        3.26097458333333      -0.163962182866625     
   6.81621958333333        3.55724500000000      -0.160302810724487     
   6.81621958333333        3.85351541666667      -0.156554505501603     
   6.81621958333333        4.14978583333333      -0.152777464399092     
   6.81621958333333        4.44605625000000      -0.149074191429054     
   6.81621958333333        4.74232666666667      -0.145552546538980     
   6.81621958333333        5.03859708333333      -0.142308891421453     
   6.81621958333333        5.33486750000000      -0.139398231370443     
   6.81621958333333        5.63113791666667      -0.136829472008744     
   6.81621958333333        5.92740833333333      -0.134559556903329     
   6.81621958333333        6.22367875000000      -0.132415573023225     
   6.81621958333333        6.51994916666667      -0.129857856860614     
   6.81621958333333        6.81621958333333      -0.125574882867229     
   6.81621958333333        7.11249000000000      -0.121673292446643     
   7.11249000000000       2.000000000000000E-003 -0.192705393691664     
   7.11249000000000       0.298270416666667      -0.191611355765940     
   7.11249000000000       0.594540833333333      -0.187284667072692     
   7.11249000000000       0.890811250000000      -0.183737472661580     
   7.11249000000000        1.18708166666667      -0.180495244993547     
   7.11249000000000        1.48335208333333      -0.177200705298416     
   7.11249000000000        1.77962250000000      -0.173890037911325     
   7.11249000000000        2.07589291666667      -0.170648447305738     
   7.11249000000000        2.37216333333333      -0.167524797867544     
   7.11249000000000        2.66843375000000      -0.164447236093873     
   7.11249000000000        2.96470416666667      -0.161396055962193     
   7.11249000000000        3.26097458333333      -0.158308829488200     
   7.11249000000000        3.55724500000000      -0.155120873694707     
   7.11249000000000        3.85351541666667      -0.151813045273826     
   7.11249000000000        4.14978583333333      -0.148433830732321     
   7.11249000000000        4.44605625000000      -0.145080064794366     
   7.11249000000000        4.74232666666667      -0.141862808714139     
   7.11249000000000        5.03859708333333      -0.138889288839373     
   7.11249000000000        5.33486750000000      -0.136219678274328     
   7.11249000000000        5.63113791666667      -0.133862908149536     
   7.11249000000000        5.92740833333333      -0.131765783553886     
   7.11249000000000        6.22367875000000      -0.129795475061213     
   7.11249000000000        6.51994916666667      -0.127699685148667     
   7.11249000000000        6.81621958333333      -0.124936439107216     
   7.11249000000000        7.11249000000000      -0.121232818508207     
