  2.000000000000000E-003  2.000000000000000E-003 -0.419852961740199     
  2.000000000000000E-003  0.298270416666667      -0.445972964702123     
  2.000000000000000E-003  0.594540833333333      -0.457174133769506     
  2.000000000000000E-003  0.890811250000000      -0.464230049670340     
  2.000000000000000E-003   1.18708166666667      -0.466354796260657     
  2.000000000000000E-003   1.48335208333333      -0.462595790422308     
  2.000000000000000E-003   1.77962250000000      -0.453158063917405     
  2.000000000000000E-003   2.07589291666667      -0.439095024372856     
  2.000000000000000E-003   2.37216333333333      -0.422111586990679     
  2.000000000000000E-003   2.66843375000000      -0.403949504360455     
  2.000000000000000E-003   2.96470416666667      -0.383562553171749     
  2.000000000000000E-003   3.26097458333333      -0.361390084262925     
  2.000000000000000E-003   3.55724500000000      -0.338734901771679     
  2.000000000000000E-003   3.85351541666667      -0.316859886284118     
  2.000000000000000E-003   4.14978583333333      -0.296564334901344     
  2.000000000000000E-003   4.44605625000000      -0.278133395728908     
  2.000000000000000E-003   4.74232666666667      -0.261584322709841     
  2.000000000000000E-003   5.03859708333333      -0.246962436255151     
  2.000000000000000E-003   5.33486750000000      -0.234354341537314     
  2.000000000000000E-003   5.63113791666667      -0.223675979599269     
  2.000000000000000E-003   5.92740833333333      -0.214732501404723     
  2.000000000000000E-003   6.22367875000000      -0.207129836344073     
  2.000000000000000E-003   6.51994916666667      -0.200178160413148     
  2.000000000000000E-003   6.81621958333333      -0.192408289920208     
  2.000000000000000E-003   7.11249000000000      -0.182485562840016     
  0.298270416666667       2.000000000000000E-003 -0.445972934770770     
  0.298270416666667       0.298270416666667      -0.469672258469758     
  0.298270416666667       0.594540833333333      -0.490002471638852     
  0.298270416666667       0.890811250000000      -0.507991123865328     
  0.298270416666667        1.18708166666667      -0.515470337610420     
  0.298270416666667        1.48335208333333      -0.512869557876776     
  0.298270416666667        1.77962250000000      -0.502068899749412     
  0.298270416666667        2.07589291666667      -0.484627893900317     
  0.298270416666667        2.37216333333333      -0.463720691860699     
  0.298270416666667        2.66843375000000      -0.441428736197331     
  0.298270416666667        2.96470416666667      -0.416239328263758     
  0.298270416666667        3.26097458333333      -0.388940262011369     
  0.298270416666667        3.55724500000000      -0.361397149352774     
  0.298270416666667        3.85351541666667      -0.335272603726913     
  0.298270416666667        4.14978583333333      -0.311477318656712     
  0.298270416666667        4.44605625000000      -0.290213315966269     
  0.298270416666667        4.74232666666667      -0.271351117659843     
  0.298270416666667        5.03859708333333      -0.254798404504322     
  0.298270416666667        5.33486750000000      -0.240574270463407     
  0.298270416666667        5.63113791666667      -0.228536624379289     
  0.298270416666667        5.92740833333333      -0.218425607760846     
  0.298270416666667        6.22367875000000      -0.209757450035762     
  0.298270416666667        6.51994916666667      -0.201770499285420     
  0.298270416666667        6.81621958333333      -0.193774390418346     
  0.298270416666667        7.11249000000000      -0.186203357574545     
  0.594540833333333       2.000000000000000E-003 -0.457173990458755     
  0.594540833333333       0.298270416666667      -0.490002499908518     
  0.594540833333333       0.594540833333333      -0.521723001082354     
  0.594540833333333       0.890811250000000      -0.548480749532222     
  0.594540833333333        1.18708166666667      -0.561949810040558     
  0.594540833333333        1.48335208333333      -0.561855590091355     
  0.594540833333333        1.77962250000000      -0.550700839114901     
  0.594540833333333        2.07589291666667      -0.530635816992482     
  0.594540833333333        2.37216333333333      -0.506151941194979     
  0.594540833333333        2.66843375000000      -0.479560391910974     
  0.594540833333333        2.96470416666667      -0.449085873994990     
  0.594540833333333        3.26097458333333      -0.416245104702096     
  0.594540833333333        3.55724500000000      -0.383576305365703     
  0.594540833333333        3.85351541666667      -0.353108843677946     
  0.594540833333333        4.14978583333333      -0.325780971878401     
  0.594540833333333        4.44605625000000      -0.301645674211563     
  0.594540833333333        4.74232666666667      -0.280406682797178     
  0.594540833333333        5.03859708333333      -0.261838451462664     
  0.594540833333333        5.33486750000000      -0.245890753104159     
  0.594540833333333        5.63113791666667      -0.232377453107235     
  0.594540833333333        5.92740833333333      -0.220963363988260     
  0.594540833333333        6.22367875000000      -0.211129996747555     
  0.594540833333333        6.51994916666667      -0.202306006225360     
  0.594540833333333        6.81621958333333      -0.194296327151060     
  0.594540833333333        7.11249000000000      -0.186672296946623     
  0.890811250000000       2.000000000000000E-003 -0.464229823489689     
  0.890811250000000       0.298270416666667      -0.507990990050199     
  0.890811250000000       0.594540833333333      -0.548480635650297     
  0.890811250000000       0.890811250000000      -0.581112185103419     
  0.890811250000000        1.18708166666667      -0.600002453813943     
  0.890811250000000        1.48335208333333      -0.603787974224204     
  0.890811250000000        1.77962250000000      -0.593317576556477     
  0.890811250000000        2.07589291666667      -0.571381959142811     
  0.890811250000000        2.37216333333333      -0.545583188120374     
  0.890811250000000        2.66843375000000      -0.515135651544963     
  0.890811250000000        2.96470416666667      -0.479572148705063     
  0.890811250000000        3.26097458333333      -0.441446680745251     
  0.890811250000000        3.55724500000000      -0.403975112344711     
  0.890811250000000        3.85351541666667      -0.369475042893567     
  0.890811250000000        4.14978583333333      -0.338851163780831     
  0.890811250000000        4.44605625000000      -0.311983902039181     
  0.890811250000000        4.74232666666667      -0.288432253516529     
  0.890811250000000        5.03859708333333      -0.267895829620870     
  0.890811250000000        5.33486750000000      -0.250268681479451     
  0.890811250000000        5.63113791666667      -0.235362041322170     
  0.890811250000000        5.92740833333333      -0.222781159890697     
  0.890811250000000        6.22367875000000      -0.212018421573396     
  0.890811250000000        6.51994916666667      -0.202587236011077     
  0.890811250000000        6.81621958333333      -0.194093829164765     
  0.890811250000000        7.11249000000000      -0.185913861566967     
   1.18708166666667       2.000000000000000E-003 -0.466354402527329     
   1.18708166666667       0.298270416666667      -0.515469926118222     
   1.18708166666667       0.594540833333333      -0.561949404649541     
   1.18708166666667       0.890811250000000      -0.600002170106154     
   1.18708166666667        1.18708166666667      -0.624359097131950     
   1.18708166666667        1.48335208333333      -0.632396730609466     
   1.18708166666667        1.77962250000000      -0.623904562270725     
   1.18708166666667        2.07589291666667      -0.603831758312979     
   1.18708166666667        2.37216333333333      -0.578566631763009     
   1.18708166666667        2.66843375000000      -0.545622851247171     
   1.18708166666667        2.96470416666667      -0.506205015401296     
   1.18708166666667        3.26097458333333      -0.463776051282714     
   1.18708166666667        3.55724500000000      -0.422165874069598     
   1.18708166666667        3.85351541666667      -0.384057719545449     
   1.18708166666667        4.14978583333333      -0.350404770192299     
   1.18708166666667        4.44605625000000      -0.320959613015304     
   1.18708166666667        4.74232666666667      -0.295193011446815     
   1.18708166666667        5.03859708333333      -0.272799640162277     
   1.18708166666667        5.33486750000000      -0.253658509694297     
   1.18708166666667        5.63113791666667      -0.237560655366357     
   1.18708166666667        5.92740833333333      -0.224037015667969     
   1.18708166666667        6.22367875000000      -0.212512760643149     
   1.18708166666667        6.51994916666667      -0.202451327097423     
   1.18708166666667        6.81621958333333      -0.193372293025663     
   1.18708166666667        7.11249000000000      -0.184784558288606     
   1.48335208333333       2.000000000000000E-003 -0.462595133749322     
   1.48335208333333       0.298270416666667      -0.512868791250505     
   1.48335208333333       0.594540833333333      -0.561854791998003     
   1.48335208333333       0.890811250000000      -0.603787289583466     
   1.48335208333333        1.18708166666667      -0.632396328342183     
   1.48335208333333        1.48335208333333      -0.643947850042528     
   1.48335208333333        1.77962250000000      -0.639413748432937     
   1.48335208333333        2.07589291666667      -0.626399271098696     
   1.48335208333333        2.37216333333333      -0.603929424789354     
   1.48335208333333        2.66843375000000      -0.571536626852084     
   1.48335208333333        2.96470416666667      -0.530812521436863     
   1.48335208333333        3.26097458333333      -0.484757763838405     
   1.48335208333333        3.55724500000000      -0.439201076579784     
   1.48335208333333        3.85351541666667      -0.397403922125280     
   1.48335208333333        4.14978583333333      -0.360670380525122     
   1.48335208333333        4.44605625000000      -0.328550257437127     
   1.48335208333333        4.74232666666667      -0.300557418563969     
   1.48335208333333        5.03859708333333      -0.276425376050134     
   1.48335208333333        5.33486750000000      -0.256006827855992     
   1.48335208333333        5.63113791666667      -0.238982490257635     
   1.48335208333333        5.92740833333333      -0.224753237809362     
   1.48335208333333        6.22367875000000      -0.212622051008062     
   1.48335208333333        6.51994916666667      -0.201988468584289     
   1.48335208333333        6.81621958333333      -0.192407086401959     
   1.48335208333333        7.11249000000000      -0.183533026580925     
   1.77962250000000       2.000000000000000E-003 -0.453157103950082     
   1.77962250000000       0.298270416666667      -0.502067759946423     
   1.77962250000000       0.594540833333333      -0.550699632216856     
   1.77962250000000       0.890811250000000      -0.593316471147734     
   1.77962250000000        1.18708166666667      -0.623903734362553     
   1.77962250000000        1.48335208333333      -0.639413317014593     
   1.77962250000000        1.77962250000000      -0.644535981308456     
   1.77962250000000        2.07589291666667      -0.639569427464094     
   1.77962250000000        2.37216333333333      -0.624133169517853     
   1.77962250000000        2.66843375000000      -0.593603800657050     
   1.77962250000000        2.96470416666667      -0.550911336407498     
   1.77962250000000        3.26097458333333      -0.502233458808812     
   1.77962250000000        3.55724500000000      -0.453289796771624     
   1.77962250000000        3.85351541666667      -0.408411342377120     
   1.77962250000000        4.14978583333333      -0.368789217615189     
   1.77962250000000        4.44605625000000      -0.334314619486208     
   1.77962250000000        4.74232666666667      -0.304335030591579     
   1.77962250000000        5.03859708333333      -0.278634520459029     
   1.77962250000000        5.33486750000000      -0.257251616504422     
   1.77962250000000        5.63113791666667      -0.239628968227001     
   1.77962250000000        5.92740833333333      -0.224953663060493     
   1.77962250000000        6.22367875000000      -0.212394684816661     
   1.77962250000000        6.51994916666667      -0.201321647221912     
   1.77962250000000        6.81621958333333      -0.191363976158185     
   1.77962250000000        7.11249000000000      -0.182298256249645     
   2.07589291666667       2.000000000000000E-003 -0.439093786350103     
   2.07589291666667       0.298270416666667      -0.484626437377764     
   2.07589291666667       0.594540833333333      -0.530634269825622     
   2.07589291666667       0.890811250000000      -0.571380504795020     
   2.07589291666667        1.18708166666667      -0.603830554835532     
   2.07589291666667        1.48335208333333      -0.626398430855682     
   2.07589291666667        1.77962250000000      -0.639569005685334     
   2.07589291666667        2.07589291666667      -0.644264724854740     
   2.07589291666667        2.37216333333333      -0.632772446127956     
   2.07589291666667        2.66843375000000      -0.604181728945325     
   2.07589291666667        2.96470416666667      -0.562186912934622     
   2.07589291666667        3.26097458333333      -0.513097622186998     
   2.07589291666667        3.55724500000000      -0.462763945830551     
   2.07589291666667        3.85351541666667      -0.415578803837081     
   2.07589291666667        4.14978583333333      -0.373488341361563     
   2.07589291666667        4.44605625000000      -0.336967529573416     
   2.07589291666667        4.74232666666667      -0.305639515710705     
   2.07589291666667        5.03859708333333      -0.279145260824296     
   2.07589291666667        5.33486750000000      -0.257334357236569     
   2.07589291666667        5.63113791666667      -0.239526863268478     
   2.07589291666667        5.92740833333333      -0.224674367994244     
   2.07589291666667        6.22367875000000      -0.211865225549434     
   2.07589291666667        6.51994916666667      -0.200495584322613     
   2.07589291666667        6.81621958333333      -0.190292913869177     
   2.07589291666667        7.11249000000000      -0.181124424179771     
   2.37216333333333       2.000000000000000E-003 -0.422110141753819     
   2.37216333333333       0.298270416666667      -0.463719003763658     
   2.37216333333333       0.594540833333333      -0.506150139761908     
   2.37216333333333       0.890811250000000      -0.545581442239818     
   2.37216333333333        1.18708166666667      -0.578565106654279     
   2.37216333333333        1.48335208333333      -0.603928240741890     
   2.37216333333333        1.77962250000000      -0.624132379959612     
   2.37216333333333        2.07589291666667      -0.632772077242371     
   2.37216333333333        2.37216333333333      -0.624767949765890     
   2.37216333333333        2.66843375000000      -0.600433557844001     
   2.37216333333333        2.96470416666667      -0.562329449493354     
   2.37216333333333        3.26097458333333      -0.515778174181741     
   2.37216333333333        3.55724500000000      -0.466544535791216     
   2.37216333333333        3.85351541666667      -0.418410734764164     
   2.37216333333333        4.14978583333333      -0.374409630684167     
   2.37216333333333        4.44605625000000      -0.336512486029682     
   2.37216333333333        4.74232666666667      -0.304617717393304     
   2.37216333333333        5.03859708333333      -0.278016658795866     
   2.37216333333333        5.33486750000000      -0.256279482482613     
   2.37216333333333        5.63113791666667      -0.238735129016430     
   2.37216333333333        5.92740833333333      -0.223926063744129     
   2.37216333333333        6.22367875000000      -0.210999479924324     
   2.37216333333333        6.51994916666667      -0.199466704625015     
   2.37216333333333        6.81621958333333      -0.189150846534211     
   2.37216333333333        7.11249000000000      -0.179981656844763     
   2.66843375000000       2.000000000000000E-003 -0.403947918949424     
   2.66843375000000       0.298270416666667      -0.441426886093768     
   2.66843375000000       0.594540833333333      -0.479558411004587     
   2.66843375000000       0.890811250000000      -0.515133712346920     
   2.66843375000000        1.18708166666667      -0.545621119564056     
   2.66843375000000        1.48335208333333      -0.571535212835687     
   2.66843375000000        1.77962250000000      -0.593602764970089     
   2.66843375000000        2.07589291666667      -0.604181117969938     
   2.66843375000000        2.37216333333333      -0.600433323763230     
   2.66843375000000        2.66843375000000      -0.581537516102624     
   2.66843375000000        2.96470416666667      -0.548915368015522     
   2.66843375000000        3.26097458333333      -0.508338096851244     
   2.66843375000000        3.55724500000000      -0.464441324523283     
   2.66843375000000        3.85351541666667      -0.417037288810537     
   2.66843375000000        4.14978583333333      -0.371924452862933     
   2.66843375000000        4.44605625000000      -0.333989227438742     
   2.66843375000000        4.74232666666667      -0.302536685153207     
   2.66843375000000        5.03859708333333      -0.276301530942761     
   2.66843375000000        5.33486750000000      -0.254753117326461     
   2.66843375000000        5.63113791666667      -0.237376885248045     
   2.66843375000000        5.92740833333333      -0.222683399923943     
   2.66843375000000        6.22367875000000      -0.209696582378215     
   2.66843375000000        6.51994916666667      -0.198093436289219     
   2.66843375000000        6.81621958333333      -0.187794307798465     
   2.66843375000000        7.11249000000000      -0.178742005983913     
   2.96470416666667       2.000000000000000E-003 -0.383560941350500     
   2.96470416666667       0.298270416666667      -0.416237446565763     
   2.96470416666667       0.594540833333333      -0.449083858268100     
   2.96470416666667       0.890811250000000      -0.479570170100188     
   2.96470416666667        1.18708166666667      -0.506203232344312     
   2.96470416666667        1.48335208333333      -0.530811024788298     
   2.96470416666667        1.77962250000000      -0.550910213586232     
   2.96470416666667        2.07589291666667      -0.562186214156825     
   2.96470416666667        2.37216333333333      -0.562329139943989     
   2.96470416666667        2.66843375000000      -0.548915317829761     
   2.96470416666667        2.96470416666667      -0.522126781227557     
   2.96470416666667        3.26097458333333      -0.490396189799657     
   2.96470416666667        3.55724500000000      -0.457433658639799     
   2.96470416666667        3.85351541666667      -0.411846222957927     
   2.96470416666667        4.14978583333333      -0.367900385486687     
   2.96470416666667        4.44605625000000      -0.331952803606484     
   2.96470416666667        4.74232666666667      -0.301217468248148     
   2.96470416666667        5.03859708333333      -0.274975067652960     
   2.96470416666667        5.33486750000000      -0.253233990756993     
   2.96470416666667        5.63113791666667      -0.235560146030067     
   2.96470416666667        5.92740833333333      -0.220808776963251     
   2.96470416666667        6.22367875000000      -0.207773711891082     
   2.96470416666667        6.51994916666667      -0.196210099033238     
   2.96470416666667        6.81621958333333      -0.186075409506842     
   2.96470416666667        7.11249000000000      -0.177268808057289     
   3.26097458333333       2.000000000000000E-003 -0.361388574416828     
   3.26097458333333       0.298270416666667      -0.388938496598091     
   3.26097458333333       0.594540833333333      -0.416243213635445     
   3.26097458333333       0.890811250000000      -0.441444824087063     
   3.26097458333333        1.18708166666667      -0.463774372891912     
   3.26097458333333        1.48335208333333      -0.484756346387643     
   3.26097458333333        1.77962250000000      -0.502232389618939     
   3.26097458333333        2.07589291666667      -0.513096950850637     
   3.26097458333333        2.37216333333333      -0.515777875531358     
   3.26097458333333        2.66843375000000      -0.508338067190382     
   3.26097458333333        2.96470416666667      -0.490396274353955     
   3.26097458333333        3.26097458333333      -0.470192010837587     
   3.26097458333333        3.55724500000000      -0.446210387861233     
   3.26097458333333        3.85351541666667      -0.404420097343837     
   3.26097458333333        4.14978583333333      -0.368578784090801     
   3.26097458333333        4.44605625000000      -0.333734116830627     
   3.26097458333333        4.74232666666667      -0.301315415100199     
   3.26097458333333        5.03859708333333      -0.273631506353884     
   3.26097458333333        5.33486750000000      -0.251116628492234     
   3.26097458333333        5.63113791666667      -0.232989694729754     
   3.26097458333333        5.92740833333333      -0.217976732209210     
   3.26097458333333        6.22367875000000      -0.204971042593396     
   3.26097458333333        6.51994916666667      -0.193624168612480     
   3.26097458333333        6.81621958333333      -0.183844027883477     
   3.26097458333333        7.11249000000000      -0.175427212374349     
   3.55724500000000       2.000000000000000E-003 -0.338733601324353     
   3.55724500000000       0.298270416666667      -0.361395622036724     
   3.55724500000000       0.594540833333333      -0.383574667154505     
   3.55724500000000       0.890811250000000      -0.403973503509042     
   3.55724500000000        1.18708166666667      -0.422164419172833     
   3.55724500000000        1.48335208333333      -0.439199848602450     
   3.55724500000000        1.77962250000000      -0.453288871043382     
   3.55724500000000        2.07589291666667      -0.462763350837636     
   3.55724500000000        2.37216333333333      -0.466544232007426     
   3.55724500000000        2.66843375000000      -0.464441189938243     
   3.55724500000000        2.96470416666667      -0.457433566373045     
   3.55724500000000        3.26097458333333      -0.446210394894056     
   3.55724500000000        3.55724500000000      -0.420126597988445     
   3.55724500000000        3.85351541666667      -0.406997010505680     
   3.55724500000000        4.14978583333333      -0.376334497901108     
   3.55724500000000        4.44605625000000      -0.335803889103765     
   3.55724500000000        4.74232666666667      -0.299223403477468     
   3.55724500000000        5.03859708333333      -0.269744845079478     
   3.55724500000000        5.33486750000000      -0.246755423373789     
   3.55724500000000        5.63113791666667      -0.228635253914482     
   3.55724500000000        5.92740833333333      -0.213731887949505     
   3.55724500000000        6.22367875000000      -0.201050318765628     
   3.55724500000000        6.51994916666667      -0.190199659722416     
   3.55724500000000        6.81621958333333      -0.181000475460012     
   3.55724500000000        7.11249000000000      -0.173117135658158     
   3.85351541666667       2.000000000000000E-003 -0.316858857806654     
   3.85351541666667       0.298270416666667      -0.335271383528036     
   3.85351541666667       0.594540833333333      -0.353107528079254     
   3.85351541666667       0.890811250000000      -0.369473747567609     
   3.85351541666667        1.18708166666667      -0.384056547245107     
   3.85351541666667        1.48335208333333      -0.397402936011804     
   3.85351541666667        1.77962250000000      -0.408410590408870     
   3.85351541666667        2.07589291666667      -0.415578293991844     
   3.85351541666667        2.37216333333333      -0.418410412064496     
   3.85351541666667        2.66843375000000      -0.417037029202833     
   3.85351541666667        2.96470416666667      -0.411845927158565     
   3.85351541666667        3.26097458333333      -0.404419884050424     
   3.85351541666667        3.55724500000000      -0.406996711158735     
   3.85351541666667        3.85351541666667      -0.399696548695059     
   3.85351541666667        4.14978583333333      -0.367257717607578     
   3.85351541666667        4.44605625000000      -0.325728940635452     
   3.85351541666667        4.74232666666667      -0.289116761579699     
   3.85351541666667        5.03859708333333      -0.260469392381221     
   3.85351541666667        5.33486750000000      -0.238683489707645     
   3.85351541666667        5.63113791666667      -0.221752099411601     
   3.85351541666667        5.92740833333333      -0.207816103059586     
   3.85351541666667        6.22367875000000      -0.195962543169295     
   3.85351541666667        6.51994916666667      -0.185956716194007     
   3.85351541666667        6.81621958333333      -0.177562915120931     
   3.85351541666667        7.11249000000000      -0.170326250614758     
   4.14978583333333       2.000000000000000E-003 -0.296563584575951     
   4.14978583333333       0.298270416666667      -0.311476413219697     
   4.14978583333333       0.594540833333333      -0.325779986145072     
   4.14978583333333       0.890811250000000      -0.338850187096210     
   4.14978583333333        1.18708166666667      -0.350403881706500     
   4.14978583333333        1.48335208333333      -0.360669630534473     
   4.14978583333333        1.77962250000000      -0.368788633427655     
   4.14978583333333        2.07589291666667      -0.373487915607053     
   4.14978583333333        2.37216333333333      -0.374409318030493     
   4.14978583333333        2.66843375000000      -0.371924184732617     
   4.14978583333333        2.96470416666667      -0.367900139078576     
   4.14978583333333        3.26097458333333      -0.368578563407302     
   4.14978583333333        3.55724500000000      -0.376334053217806     
   4.14978583333333        3.85351541666667      -0.367257288916206     
   4.14978583333333        4.14978583333333      -0.337317551432363     
   4.14978583333333        4.44605625000000      -0.301948431041572     
   4.14978583333333        4.74232666666667      -0.270575836780093     
   4.14978583333333        5.03859708333333      -0.245892037747223     
   4.14978583333333        5.33486750000000      -0.227169557005267     
   4.14978583333333        5.63113791666667      -0.212667061021705     
   4.14978583333333        5.92740833333333      -0.200517359349513     
   4.14978583333333        6.22367875000000      -0.189974628067048     
   4.14978583333333        6.51994916666667      -0.181125300467987     
   4.14978583333333        6.81621958333333      -0.173699326796836     
   4.14978583333333        7.11249000000000      -0.167160594634698     
   4.44605625000000       2.000000000000000E-003 -0.278132885217060     
   4.44605625000000       0.298270416666667      -0.290212685270003     
   4.44605625000000       0.594540833333333      -0.301644978212367     
   4.44605625000000       0.890811250000000      -0.311983205196258     
   4.44605625000000        1.18708166666667      -0.320958971257300     
   4.44605625000000        1.48335208333333      -0.328549707033388     
   4.44605625000000        1.77962250000000      -0.334314175454668     
   4.44605625000000        2.07589291666667      -0.336967179303990     
   4.44605625000000        2.37216333333333      -0.336512198727601     
   4.44605625000000        2.66843375000000      -0.333988969024934     
   4.44605625000000        2.96470416666667      -0.331952548072210     
   4.44605625000000        3.26097458333333      -0.333733795842372     
   4.44605625000000        3.55724500000000      -0.335803389697875     
   4.44605625000000        3.85351541666667      -0.325728414851761     
   4.44605625000000        4.14978583333333      -0.301948160334634     
   4.44605625000000        4.44605625000000      -0.274013937911492     
   4.44605625000000        4.74232666666667      -0.249007366975262     
   4.44605625000000        5.03859708333333      -0.229202173281550     
   4.44605625000000        5.33486750000000      -0.214290948587699     
   4.44605625000000        5.63113791666667      -0.202831568971289     
   4.44605625000000        5.92740833333333      -0.192601710333517     
   4.44605625000000        6.22367875000000      -0.183618969890179     
   4.44605625000000        6.51994916666667      -0.176090071848164     
   4.44605625000000        6.81621958333333      -0.169674763287194     
   4.44605625000000        7.11249000000000      -0.163802916231329     
   4.74232666666667       2.000000000000000E-003 -0.261583994633283     
   4.74232666666667       0.298270416666667      -0.271350700184431     
   4.74232666666667       0.594540833333333      -0.280406214147329     
   4.74232666666667       0.890811250000000      -0.288431777532559     
   4.74232666666667        1.18708166666667      -0.295192564451427     
   4.74232666666667        1.48335208333333      -0.300557022353971     
   4.74232666666667        1.77962250000000      -0.304334693701596     
   4.74232666666667        2.07589291666667      -0.305639226440591     
   4.74232666666667        2.37216333333333      -0.304617453135456     
   4.74232666666667        2.66843375000000      -0.302536422343474     
   4.74232666666667        2.96470416666667      -0.301217176838378     
   4.74232666666667        3.26097458333333      -0.301315045505760     
   4.74232666666667        3.55724500000000      -0.299222929493411     
   4.74232666666667        3.85351541666667      -0.289116278221014     
   4.74232666666667        4.14978583333333      -0.270575498010076     
   4.74232666666667        4.44605625000000      -0.249007223804152     
   4.74232666666667        4.74232666666667      -0.229422990741521     
   4.74232666666667        5.03859708333333      -0.213931874776080     
   4.74232666666667        5.33486750000000      -0.202549145656941     
   4.74232666666667        5.63113791666667      -0.193480800781528     
   4.74232666666667        5.92740833333333      -0.184898325931082     
   4.74232666666667        6.22367875000000      -0.177475061521823     
   4.74232666666667        6.51994916666667      -0.171239439150475     
   4.74232666666667        6.81621958333333      -0.165744705035695     
   4.74232666666667        7.11249000000000      -0.160439202596549     
   5.03859708333333       2.000000000000000E-003 -0.246962237617665     
   5.03859708333333       0.298270416666667      -0.254798141307974     
   5.03859708333333       0.594540833333333      -0.261838149646955     
   5.03859708333333       0.890811250000000      -0.267895516745025     
   5.03859708333333        1.18708166666667      -0.272799338231630     
   5.03859708333333        1.48335208333333      -0.276425096078577     
   5.03859708333333        1.77962250000000      -0.278634263687393     
   5.03859708333333        2.07589291666667      -0.279145020514708     
   5.03859708333333        2.37216333333333      -0.278016417925506     
   5.03859708333333        2.66843375000000      -0.276301271974119     
   5.03859708333333        2.96470416666667      -0.274974771034128     
   5.03859708333333        3.26097458333333      -0.273631151972978     
   5.03859708333333        3.55724500000000      -0.269744438436280     
   5.03859708333333        3.85351541666667      -0.260468992220972     
   5.03859708333333        4.14978583333333      -0.245891727000765     
   5.03859708333333        4.44605625000000      -0.229201992818144     
   5.03859708333333        4.74232666666667      -0.213931808366037     
   5.03859708333333        5.03859708333333      -0.201989990779261     
   5.03859708333333        5.33486750000000      -0.193208269493873     
   5.03859708333333        5.63113791666667      -0.185142559103983     
   5.03859708333333        5.92740833333333      -0.177965546193322     
   5.03859708333333        6.22367875000000      -0.171927164397950     
   5.03859708333333        6.51994916666667      -0.166796941907840     
   5.03859708333333        6.81621958333333      -0.162061449990484     
   5.03859708333333        7.11249000000000      -0.157211803706829     
   5.33486750000000       2.000000000000000E-003 -0.234354227118656     
   5.33486750000000       0.298270416666667      -0.240574110610641     
   5.33486750000000       0.594540833333333      -0.245890562891783     
   5.33486750000000       0.890811250000000      -0.250268481610116     
   5.33486750000000        1.18708166666667      -0.253658313812651     
   5.33486750000000        1.48335208333333      -0.256006634788726     
   5.33486750000000        1.77962250000000      -0.257251423954997     
   5.33486750000000        2.07589291666667      -0.257334159586665     
   5.33486750000000        2.37216333333333      -0.256279270314032     
   5.33486750000000        2.66843375000000      -0.254752879318100     
   5.33486750000000        2.96470416666667      -0.253233718741937     
   5.33486750000000        3.26097458333333      -0.251116320369606     
   5.33486750000000        3.55724500000000      -0.246755094765968     
   5.33486750000000        3.85351541666667      -0.238683178085631     
   5.33486750000000        4.14978583333333      -0.227169310050084     
   5.33486750000000        4.44605625000000      -0.214290793103103     
   5.33486750000000        4.74232666666667      -0.202549076236908     
   5.33486750000000        5.03859708333333      -0.193208254330090     
   5.33486750000000        5.33486750000000      -0.185061791497136     
   5.33486750000000        5.63113791666667      -0.177960703033687     
   5.33486750000000        5.92740833333333      -0.171981216129307     
   5.33486750000000        6.22367875000000      -0.167067232359228     
   5.33486750000000        6.51994916666667      -0.162839019819393     
   5.33486750000000        6.81621958333333      -0.158723325789360     
   5.33486750000000        7.11249000000000      -0.154267956543241     
   5.63113791666667       2.000000000000000E-003 -0.223675918614966     
   5.63113791666667       0.298270416666667      -0.228536532049721     
   5.63113791666667       0.594540833333333      -0.232377335137501     
   5.63113791666667       0.890811250000000      -0.235361912092842     
   5.63113791666667        1.18708166666667      -0.237560526324811     
   5.63113791666667        1.48335208333333      -0.238982360837256     
   5.63113791666667        1.77962250000000      -0.239628825379555     
   5.63113791666667        2.07589291666667      -0.239526702871197     
   5.63113791666667        2.37216333333333      -0.238734948644789     
   5.63113791666667        2.66843375000000      -0.237376681835621     
   5.63113791666667        2.96470416666667      -0.235559917748654     
   5.63113791666667        3.26097458333333      -0.232989448412409     
   5.63113791666667        3.55724500000000      -0.228635006425432     
   5.63113791666667        3.85351541666667      -0.221751878755304     
   5.63113791666667        4.14978583333333      -0.212666895561314     
   5.63113791666667        4.44605625000000      -0.202831474376349     
   5.63113791666667        4.74232666666667      -0.193480766401130     
   5.63113791666667        5.03859708333333      -0.185142559696213     
   5.63113791666667        5.33486750000000      -0.177960712441303     
   5.63113791666667        5.63113791666667      -0.171910962913366     
   5.63113791666667        5.92740833333333      -0.166969590641732     
   5.63113791666667        6.22367875000000      -0.162995649349730     
   5.63113791666667        6.51994916666667      -0.159512003076124     
   5.63113791666667        6.81621958333333      -0.155891839064911     
   5.63113791666667        7.11249000000000      -0.151727052530986     
   5.92740833333333       2.000000000000000E-003 -0.214732479206788     
   5.92740833333333       0.298270416666667      -0.218425563937148     
   5.92740833333333       0.594540833333333      -0.220963294832924     
   5.92740833333333       0.890811250000000      -0.222781077188424     
   5.92740833333333        1.18708166666667      -0.224036928864300     
   5.92740833333333        1.48335208333333      -0.224753146803608     
   5.92740833333333        1.77962250000000      -0.224953557118324     
   5.92740833333333        2.07589291666667      -0.224674235030660     
   5.92740833333333        2.37216333333333      -0.223925907994617     
   5.92740833333333        2.66843375000000      -0.222683226775516     
   5.92740833333333        2.96470416666667      -0.220808593411457     
   5.92740833333333        3.26097458333333      -0.217976548691041     
   5.92740833333333        3.55724500000000      -0.213731719686738     
   5.92740833333333        3.85351541666667      -0.207815968039922     
   5.92740833333333        4.14978583333333      -0.200517271754976     
   5.92740833333333        4.44605625000000      -0.192601673380524     
   5.92740833333333        4.74232666666667      -0.184898329738414     
   5.92740833333333        5.03859708333333      -0.177965572190390     
   5.92740833333333        5.33486750000000      -0.171981244574416     
   5.92740833333333        5.63113791666667      -0.166969606572738     
   5.92740833333333        5.92740833333333      -0.162974046271984     
   5.92740833333333        6.22367875000000      -0.159799811637944     
   5.92740833333333        6.51994916666667      -0.156927730871921     
   5.92740833333333        6.81621958333333      -0.153661261246240     
   5.92740833333333        7.11249000000000      -0.149603943816613     
   6.22367875000000       2.000000000000000E-003 -0.207129863924823     
   6.22367875000000       0.298270416666667      -0.209757452867945     
   6.22367875000000       0.594540833333333      -0.211129962561958     
   6.22367875000000       0.890811250000000      -0.212018372508920     
   6.22367875000000        1.18708166666667      -0.212512705381997     
   6.22367875000000        1.48335208333333      -0.212621986150633     
   6.22367875000000        1.77962250000000      -0.212394601679726     
   6.22367875000000        2.07589291666667      -0.211865112389248     
   6.22367875000000        2.37216333333333      -0.210999340980998     
   6.22367875000000        2.66843375000000      -0.209696429726260     
   6.22367875000000        2.96470416666667      -0.207773558087507     
   6.22367875000000        3.26097458333333      -0.204970900888321     
   6.22367875000000        3.55724500000000      -0.201050202622445     
   6.22367875000000        3.85351541666667      -0.195962464181334     
   6.22367875000000        4.14978583333333      -0.189974592259302     
   6.22367875000000        4.44605625000000      -0.183618974771235     
   6.22367875000000        4.74232666666667      -0.177475096172213     
   6.22367875000000        5.03859708333333      -0.171927213119760     
   6.22367875000000        5.33486750000000      -0.167067277742123     
   6.22367875000000        5.63113791666667      -0.162995677325889     
   6.22367875000000        5.92740833333333      -0.159799821813368     
   6.22367875000000        6.22367875000000      -0.157316230350237     
   6.22367875000000        6.51994916666667      -0.155005211104700     
   6.22367875000000        6.81621958333333      -0.151983369396701     
   6.22367875000000        7.11249000000000      -0.147759541766239     
   6.51994916666667       2.000000000000000E-003 -0.200178254740108     
   6.51994916666667       0.298270416666667      -0.201770544280151     
   6.51994916666667       0.594540833333333      -0.202305997057156     
   6.51994916666667       0.890811250000000      -0.202587217038279     
   6.51994916666667        1.18708166666667      -0.202451301056356     
   6.51994916666667        1.48335208333333      -0.201988426229640     
   6.51994916666667        1.77962250000000      -0.201321581290289     
   6.51994916666667        2.07589291666667      -0.200495487785061     
   6.51994916666667        2.37216333333333      -0.199466579824302     
   6.51994916666667        2.66843375000000      -0.198093300386891     
   6.51994916666667        2.96470416666667      -0.196209968402853     
   6.51994916666667        3.26097458333333      -0.193624057852253     
   6.51994916666667        3.55724500000000      -0.190199580483553     
   6.51994916666667        3.85351541666667      -0.185956675563643     
   6.51994916666667        4.14978583333333      -0.181125299087850     
   6.51994916666667        4.44605625000000      -0.176090103373328     
   6.51994916666667        4.74232666666667      -0.171239492229284     
   6.51994916666667        5.03859708333333      -0.166797004323213     
   6.51994916666667        5.33486750000000      -0.162839073364781     
   6.51994916666667        5.63113791666667      -0.159512035925695     
   6.51994916666667        5.92740833333333      -0.156927745793090     
   6.51994916666667        6.22367875000000      -0.155005214581801     
   6.51994916666667        6.51994916666667      -0.153258716366231     
   6.51994916666667        6.81621958333333      -0.150551949341880     
   6.51994916666667        7.11249000000000      -0.145953642869805     
   6.81621958333333       2.000000000000000E-003 -0.192408394661075     
   6.81621958333333       0.298270416666667      -0.193774450450407     
   6.81621958333333       0.594540833333333      -0.194296356703262     
   6.81621958333333       0.890811250000000      -0.194093851403189     
   6.81621958333333        1.18708166666667      -0.193372297343581     
   6.81621958333333        1.48335208333333      -0.192407063976700     
   6.81621958333333        1.77962250000000      -0.191363924846519     
   6.81621958333333        2.07589291666667      -0.190292831843236     
   6.81621958333333        2.37216333333333      -0.189150736576666     
   6.81621958333333        2.66843375000000      -0.187794189073276     
   6.81621958333333        2.96470416666667      -0.186075300439440     
   6.81621958333333        3.26097458333333      -0.183843943021157     
   6.81621958333333        3.55724500000000      -0.181000424051490     
   6.81621958333333        3.85351541666667      -0.177562900235685     
   6.81621958333333        4.14978583333333      -0.173699345031543     
   6.81621958333333        4.44605625000000      -0.169674806064090     
   6.81621958333333        4.74232666666667      -0.165744762150692     
   6.81621958333333        5.03859708333333      -0.162061513212393     
   6.81621958333333        5.33486750000000      -0.158723377377167     
   6.81621958333333        5.63113791666667      -0.155891871573079     
   6.81621958333333        5.92740833333333      -0.153661282063099     
   6.81621958333333        6.22367875000000      -0.151983379442368     
   6.81621958333333        6.51994916666667      -0.150551940102997     
   6.81621958333333        6.81621958333333      -0.148274942426230     
   6.81621958333333        7.11249000000000      -0.143657657108948     
   7.11249000000000       2.000000000000000E-003 -0.182485681500223     
   7.11249000000000       0.298270416666667      -0.186203489227817     
   7.11249000000000       0.594540833333333      -0.186672404387723     
   7.11249000000000       0.890811250000000      -0.185913928722891     
   7.11249000000000        1.18708166666667      -0.184784584297405     
   7.11249000000000        1.48335208333333      -0.183533015252202     
   7.11249000000000        1.77962250000000      -0.182298214098215     
   7.11249000000000        2.07589291666667      -0.181124354442107     
   7.11249000000000        2.37216333333333      -0.179981561648824     
   7.11249000000000        2.66843375000000      -0.178741904661489     
   7.11249000000000        2.96470416666667      -0.177268719174437     
   7.11249000000000        3.26097458333333      -0.175427149066371     
   7.11249000000000        3.55724500000000      -0.173117104199382     
   7.11249000000000        3.85351541666667      -0.170326250407442     
   7.11249000000000        4.14978583333333      -0.167160619368894     
   7.11249000000000        4.44605625000000      -0.163802956618463     
   7.11249000000000        4.74232666666667      -0.160439250772626     
   7.11249000000000        5.03859708333333      -0.157211856048565     
   7.11249000000000        5.33486750000000      -0.154267997226086     
   7.11249000000000        5.63113791666667      -0.151727079573660     
   7.11249000000000        5.92740833333333      -0.149603970591736     
   7.11249000000000        6.22367875000000      -0.147759570468117     
   7.11249000000000        6.51994916666667      -0.145953652823480     
   7.11249000000000        6.81621958333333      -0.143657654508228     
   7.11249000000000        7.11249000000000      -0.139805860067350     
