  2.000000000000000E-003  2.000000000000000E-003 -0.256723742768179     
  2.000000000000000E-003  0.298270416666667      -0.266821354460067     
  2.000000000000000E-003  0.594540833333333      -0.271033678236399     
  2.000000000000000E-003  0.890811250000000      -0.271981467329964     
  2.000000000000000E-003   1.18708166666667      -0.271405414805972     
  2.000000000000000E-003   1.48335208333333      -0.269872691780305     
  2.000000000000000E-003   1.77962250000000      -0.267623544976411     
  2.000000000000000E-003   2.07589291666667      -0.264758404978300     
  2.000000000000000E-003   2.37216333333333      -0.261289449135393     
  2.000000000000000E-003   2.66843375000000      -0.257214011893297     
  2.000000000000000E-003   2.96470416666667      -0.252312374216538     
  2.000000000000000E-003   3.26097458333333      -0.246511120133655     
  2.000000000000000E-003   3.55724500000000      -0.239857378113456     
  2.000000000000000E-003   3.85351541666667      -0.232507941206455     
  2.000000000000000E-003   4.14978583333333      -0.224725450249472     
  2.000000000000000E-003   4.44605625000000      -0.216833037596424     
  2.000000000000000E-003   4.74232666666667      -0.209143649174576     
  2.000000000000000E-003   5.03859708333333      -0.201900589557839     
  2.000000000000000E-003   5.33486750000000      -0.195283244956832     
  2.000000000000000E-003   5.63113791666667      -0.189358289758100     
  2.000000000000000E-003   5.92740833333333      -0.184109450203008     
  2.000000000000000E-003   6.22367875000000      -0.179412424718848     
  2.000000000000000E-003   6.51994916666667      -0.174981518547535     
  2.000000000000000E-003   6.81621958333333      -0.170074811183050     
  2.000000000000000E-003   7.11249000000000      -0.163817516157550     
  0.298270416666667       2.000000000000000E-003 -0.277578228498638     
  0.298270416666667       0.298270416666667      -0.278630458289604     
  0.298270416666667       0.594540833333333      -0.284341859183908     
  0.298270416666667       0.890811250000000      -0.288128298246151     
  0.298270416666667        1.18708166666667      -0.289486784402039     
  0.298270416666667        1.48335208333333      -0.289181405230430     
  0.298270416666667        1.77962250000000      -0.287599607967799     
  0.298270416666667        2.07589291666667      -0.284911561434736     
  0.298270416666667        2.37216333333333      -0.281232637109101     
  0.298270416666667        2.66843375000000      -0.276515682662230     
  0.298270416666667        2.96470416666667      -0.270588727631898     
  0.298270416666667        3.26097458333333      -0.263466418019964     
  0.298270416666667        3.55724500000000      -0.255308047844837     
  0.298270416666667        3.85351541666667      -0.246391074583074     
  0.298270416666667        4.14978583333333      -0.237082548818012     
  0.298270416666667        4.44605625000000      -0.227777822855840     
  0.298270416666667        4.74232666666667      -0.218827255565773     
  0.298270416666667        5.03859708333333      -0.210483853507729     
  0.298270416666667        5.33486750000000      -0.202840272554870     
  0.298270416666667        5.63113791666667      -0.195907989460928     
  0.298270416666667        5.92740833333333      -0.189639872755776     
  0.298270416666667        6.22367875000000      -0.183897358852349     
  0.298270416666667        6.51994916666667      -0.178629292913272     
  0.298270416666667        6.81621958333333      -0.174596168959841     
  0.298270416666667        7.11249000000000      -0.169597005110391     
  0.594540833333333       2.000000000000000E-003 -0.295236910083793     
  0.594540833333333       0.298270416666667      -0.296192416513606     
  0.594540833333333       0.594540833333333      -0.298397969243264     
  0.594540833333333       0.890811250000000      -0.303993031465334     
  0.594540833333333        1.18708166666667      -0.308343626216330     
  0.594540833333333        1.48335208333333      -0.310306001644789     
  0.594540833333333        1.77962250000000      -0.310035411465541     
  0.594540833333333        2.07589291666667      -0.307844732747843     
  0.594540833333333        2.37216333333333      -0.303998138754024     
  0.594540833333333        2.66843375000000      -0.298489141723117     
  0.594540833333333        2.96470416666667      -0.291264846476985     
  0.594540833333333        3.26097458333333      -0.282478222613474     
  0.594540833333333        3.55724500000000      -0.272439788263726     
  0.594540833333333        3.85351541666667      -0.261589083185192     
  0.594540833333333        4.14978583333333      -0.250434941663499     
  0.594540833333333        4.44605625000000      -0.239459474380455     
  0.594540833333333        4.74232666666667      -0.229035619914601     
  0.594540833333333        5.03859708333333      -0.219400481415476     
  0.594540833333333        5.33486750000000      -0.210567780129955     
  0.594540833333333        5.63113791666667      -0.202487401518813     
  0.594540833333333        5.92740833333333      -0.195184812140379     
  0.594540833333333        6.22367875000000      -0.188757945498679     
  0.594540833333333        6.51994916666667      -0.183569545685123     
  0.594540833333333        6.81621958333333      -0.179687689401395     
  0.594540833333333        7.11249000000000      -0.173212652203654     
  0.890811250000000       2.000000000000000E-003 -0.306546595293323     
  0.890811250000000       0.298270416666667      -0.312785879509053     
  0.890811250000000       0.594540833333333      -0.317575360000119     
  0.890811250000000       0.890811250000000      -0.324583265918841     
  0.890811250000000        1.18708166666667      -0.331175382746582     
  0.890811250000000        1.48335208333333      -0.335272778521728     
  0.890811250000000        1.77962250000000      -0.336344977538374     
  0.890811250000000        2.07589291666667      -0.334632885456893     
  0.890811250000000        2.37216333333333      -0.330465740272688     
  0.890811250000000        2.66843375000000      -0.323864099049015     
  0.890811250000000        2.96470416666667      -0.314970518826219     
  0.890811250000000        3.26097458333333      -0.304097249682124     
  0.890811250000000        3.55724500000000      -0.291717142103130     
  0.890811250000000        3.85351541666667      -0.278472146723503     
  0.890811250000000        4.14978583333333      -0.265075285749784     
  0.890811250000000        4.44605625000000      -0.252125562231644     
  0.890811250000000        4.74232666666667      -0.239988091274040     
  0.890811250000000        5.03859708333333      -0.228820607050827     
  0.890811250000000        5.33486750000000      -0.218608435491348     
  0.890811250000000        5.63113791666667      -0.209223413132091     
  0.890811250000000        5.92740833333333      -0.200793418819380     
  0.890811250000000        6.22367875000000      -0.193558976438205     
  0.890811250000000        6.51994916666667      -0.187676979577451     
  0.890811250000000        6.81621958333333      -0.182335800275638     
  0.890811250000000        7.11249000000000      -0.175218837310719     
   1.18708166666667       2.000000000000000E-003 -0.317951470036821     
   1.18708166666667       0.298270416666667      -0.329572738441914     
   1.18708166666667       0.594540833333333      -0.339797689727065     
   1.18708166666667       0.890811250000000      -0.350225436967045     
   1.18708166666667        1.18708166666667      -0.359439119775207     
   1.18708166666667        1.48335208333333      -0.365618946903896     
   1.18708166666667        1.77962250000000      -0.367983182882374     
   1.18708166666667        2.07589291666667      -0.366648636278461     
   1.18708166666667        2.37216333333333      -0.361829761884666     
   1.18708166666667        2.66843375000000      -0.353710574014382     
   1.18708166666667        2.96470416666667      -0.342685018792912     
   1.18708166666667        3.26097458333333      -0.329204866608318     
   1.18708166666667        3.55724500000000      -0.313854982914322     
   1.18708166666667        3.85351541666667      -0.297540372971373     
   1.18708166666667        4.14978583333333      -0.281340858338914     
   1.18708166666667        4.44605625000000      -0.266050407134339     
   1.18708166666667        4.74232666666667      -0.251954008084368     
   1.18708166666667        5.03859708333333      -0.239011332704977     
   1.18708166666667        5.33486750000000      -0.227128801207762     
   1.18708166666667        5.63113791666667      -0.216179717502463     
   1.18708166666667        5.92740833333333      -0.206309957576549     
   1.18708166666667        6.22367875000000      -0.197782284755637     
   1.18708166666667        6.51994916666667      -0.190567290056320     
   1.18708166666667        6.81621958333333      -0.183886033577120     
   1.18708166666667        7.11249000000000      -0.176525080881787     
   1.48335208333333       2.000000000000000E-003 -0.331804740536875     
   1.48335208333333       0.298270416666667      -0.348826526906772     
   1.48335208333333       0.594540833333333      -0.365151283543924     
   1.48335208333333       0.890811250000000      -0.380552043076065     
   1.48335208333333        1.18708166666667      -0.393491762761499     
   1.48335208333333        1.48335208333333      -0.402348546043553     
   1.48335208333333        1.77962250000000      -0.406402453449944     
   1.48335208333333        2.07589291666667      -0.405510832326287     
   1.48335208333333        2.37216333333333      -0.399724336403499     
   1.48335208333333        2.66843375000000      -0.389583282385302     
   1.48335208333333        2.96470416666667      -0.375878406875450     
   1.48335208333333        3.26097458333333      -0.359087339953195     
   1.48335208333333        3.55724500000000      -0.339871080998844     
   1.48335208333333        3.85351541666667      -0.319403663796175     
   1.48335208333333        4.14978583333333      -0.299450218254939     
   1.48335208333333        4.44605625000000      -0.281416719451038     
   1.48335208333333        4.74232666666667      -0.265204139353399     
   1.48335208333333        5.03859708333333      -0.250290338253130     
   1.48335208333333        5.33486750000000      -0.236386445637750     
   1.48335208333333        5.63113791666667      -0.223507293433233     
   1.48335208333333        5.92740833333333      -0.211825245264507     
   1.48335208333333        6.22367875000000      -0.201658151803986     
   1.48335208333333        6.51994916666667      -0.192985611459622     
   1.48335208333333        6.81621958333333      -0.185243284350864     
   1.48335208333333        7.11249000000000      -0.177622949385356     
   1.77962250000000       2.000000000000000E-003 -0.348260796386853     
   1.77962250000000       0.298270416666667      -0.371099785796707     
   1.77962250000000       0.594540833333333      -0.394025924753637     
   1.77962250000000       0.890811250000000      -0.415514721255621     
   1.77962250000000        1.18708166666667      -0.433534135042315     
   1.77962250000000        1.48335208333333      -0.446423347088618     
   1.77962250000000        1.77962250000000      -0.453288871043385     
   1.77962250000000        2.07589291666667      -0.453466172523741     
   1.77962250000000        2.37216333333333      -0.446652489812543     
   1.77962250000000        2.66843375000000      -0.433277510651473     
   1.77962250000000        2.96470416666667      -0.415414993955487     
   1.77962250000000        3.26097458333333      -0.394562407687429     
   1.77962250000000        3.55724500000000      -0.370983959033101     
   1.77962250000000        3.85351541666667      -0.345577815917812     
   1.77962250000000        4.14978583333333      -0.320876613734193     
   1.77962250000000        4.44605625000000      -0.299033347748437     
   1.77962250000000        4.74232666666667      -0.280160768455280     
   1.77962250000000        5.03859708333333      -0.263081702338435     
   1.77962250000000        5.33486750000000      -0.246767129178984     
   1.77962250000000        5.63113791666667      -0.231444748954277     
   1.77962250000000        5.92740833333333      -0.217572463053567     
   1.77962250000000        6.22367875000000      -0.205541366403666     
   1.77962250000000        6.51994916666667      -0.195410146924308     
   1.77962250000000        6.81621958333333      -0.186730450779358     
   1.77962250000000        7.11249000000000      -0.178769677324829     
   2.07589291666667       2.000000000000000E-003 -0.366811270773704     
   2.07589291666667       0.298270416666667      -0.396006939349018     
   2.07589291666667       0.594540833333333      -0.426215077868208     
   2.07589291666667       0.890811250000000      -0.454884965814431     
   2.07589291666667        1.18708166666667      -0.479559416870072     
   2.07589291666667        1.48335208333333      -0.498468864037108     
   2.07589291666667        1.77962250000000      -0.510590731426418     
   2.07589291666667        2.07589291666667      -0.514046438768512     
   2.07589291666667        2.37216333333333      -0.505333069122618     
   2.07589291666667        2.66843375000000      -0.486601989319390     
   2.07589291666667        2.96470416666667      -0.462828146448667     
   2.07589291666667        3.26097458333333      -0.437444542227439     
   2.07589291666667        3.55724500000000      -0.409281092119703     
   2.07589291666667        3.85351541666667      -0.377689708006082     
   2.07589291666667        4.14978583333333      -0.347099163298151     
   2.07589291666667        4.44605625000000      -0.321143828170515     
   2.07589291666667        4.74232666666667      -0.298915912441501     
   2.07589291666667        5.03859708333333      -0.278296713293291     
   2.07589291666667        5.33486750000000      -0.258666000471223     
   2.07589291666667        5.63113791666667      -0.240230074873323     
   2.07589291666667        5.92740833333333      -0.223707368531009     
   2.07589291666667        6.22367875000000      -0.209606527883706     
   2.07589291666667        6.51994916666667      -0.197987552253269     
   2.07589291666667        6.81621958333333      -0.188405505551181     
   2.07589291666667        7.11249000000000      -0.180037934895144     
   2.37216333333333       2.000000000000000E-003 -0.386656406779417     
   2.37216333333333       0.298270416666667      -0.422720575785102     
   2.37216333333333       0.594540833333333      -0.460654459365128     
   2.37216333333333       0.890811250000000      -0.497294119326006     
   2.37216333333333        1.18708166666667      -0.530010904314029     
   2.37216333333333        1.48335208333333      -0.557887309424394     
   2.37216333333333        1.77962250000000      -0.580649800367763     
   2.37216333333333        2.07589291666667      -0.588969377352307     
   2.37216333333333        2.37216333333333      -0.578555803297189     
   2.37216333333333        2.66843375000000      -0.552495986556695     
   2.37216333333333        2.96470416666667      -0.519894666072005     
   2.37216333333333        3.26097458333333      -0.489679654155693     
   2.37216333333333        3.55724500000000      -0.457336379927929     
   2.37216333333333        3.85351541666667      -0.417097327692932     
   2.37216333333333        4.14978583333333      -0.379355603283358     
   2.37216333333333        4.44605625000000      -0.350146613325479     
   2.37216333333333        4.74232666666667      -0.324191909334558     
   2.37216333333333        5.03859708333333      -0.297966064353483     
   2.37216333333333        5.33486750000000      -0.272504979615086     
   2.37216333333333        5.63113791666667      -0.249838246609647     
   2.37216333333333        5.92740833333333      -0.230138400487045     
   2.37216333333333        6.22367875000000      -0.213750525468619     
   2.37216333333333        6.51994916666667      -0.200626859688833     
   2.37216333333333        6.81621958333333      -0.190159492414125     
   2.37216333333333        7.11249000000000      -0.181363524509456     
   2.66843375000000       2.000000000000000E-003 -0.406160926840899     
   2.66843375000000       0.298270416666667      -0.448875463268139     
   2.66843375000000       0.594540833333333      -0.494252946749251     
   2.66843375000000       0.890811250000000      -0.538874564219808     
   2.66843375000000        1.18708166666667      -0.580935909606767     
   2.66843375000000        1.48335208333333      -0.622167162500774     
   2.66843375000000        1.77962250000000      -0.659357902789946     
   2.66843375000000        2.07589291666667      -0.676501057005074     
   2.66843375000000        2.37216333333333      -0.668411066381533     
   2.66843375000000        2.66843375000000      -0.634831686455049     
   2.66843375000000        2.96470416666667      -0.587824546141377     
   2.66843375000000        3.26097458333333      -0.550972890922024     
   2.66843375000000        3.55724500000000      -0.516965138214824     
   2.66843375000000        3.85351541666667      -0.464136982357720     
   2.66843375000000        4.14978583333333      -0.421365922270113     
   2.66843375000000        4.44605625000000      -0.392452820524169     
   2.66843375000000        4.74232666666667      -0.360445560029579     
   2.66843375000000        5.03859708333333      -0.323934079386157     
   2.66843375000000        5.33486750000000      -0.288821895706110     
   2.66843375000000        5.63113791666667      -0.259792510285393     
   2.66843375000000        5.92740833333333      -0.236503663436485     
   2.66843375000000        6.22367875000000      -0.217732339147221     
   2.66843375000000        6.51994916666667      -0.203106638044135     
   2.66843375000000        6.81621958333333      -0.191803256658617     
   2.66843375000000        7.11249000000000      -0.182617198596974     
   2.96470416666667       2.000000000000000E-003 -0.422623405688695     
   2.96470416666667       0.298270416666667      -0.470939216806936     
   2.96470416666667       0.594540833333333      -0.522635698800006     
   2.96470416666667       0.890811250000000      -0.574470892147493     
   2.96470416666667        1.18708166666667      -0.626311749226024     
   2.96470416666667        1.48335208333333      -0.684499608567602     
   2.96470416666667        1.77962250000000      -0.736126862491333     
   2.96470416666667        2.07589291666667      -0.767562111623397     
   2.96470416666667        2.37216333333333      -0.771454322745352     
   2.96470416666667        2.66843375000000      -0.738463681200836     
   2.96470416666667        2.96470416666667      -0.672075067246512     
   2.96470416666667        3.26097458333333      -0.615464445268894     
   2.96470416666667        3.55724500000000      -0.583149905568635     
   2.96470416666667        3.85351541666667      -0.519359756592988     
   2.96470416666667        4.14978583333333      -0.489383411553069     
   2.96470416666667        4.44605625000000      -0.461618583238321     
   2.96470416666667        4.74232666666667      -0.411913279640146     
   2.96470416666667        5.03859708333333      -0.355808955489971     
   2.96470416666667        5.33486750000000      -0.306499567375400     
   2.96470416666667        5.63113791666667      -0.268941117928234     
   2.96470416666667        5.92740833333333      -0.242089706791597     
   2.96470416666667        6.22367875000000      -0.221152036335609     
   2.96470416666667        6.51994916666667      -0.205211216724715     
   2.96470416666667        6.81621958333333      -0.193187763802308     
   2.96470416666667        7.11249000000000      -0.183668245606162     
   3.26097458333333       2.000000000000000E-003 -0.433670157453740     
   3.26097458333333       0.298270416666667      -0.485727279329026     
   3.26097458333333       0.594540833333333      -0.541699150999038     
   3.26097458333333       0.890811250000000      -0.598715453306564     
   3.26097458333333        1.18708166666667      -0.658438135024233     
   3.26097458333333        1.48335208333333      -0.729556475956872     
   3.26097458333333        1.77962250000000      -0.794744721848533     
   3.26097458333333        2.07589291666667      -0.842075376347300     
   3.26097458333333        2.37216333333333      -0.865940749900848     
   3.26097458333333        2.66843375000000      -0.853650410681665     
   3.26097458333333        2.96470416666667      -0.791486767476420     
   3.26097458333333        3.26097458333333      -0.692815604494738     
   3.26097458333333        3.55724500000000      -0.632580034385719     
   3.26097458333333        3.85351541666667      -0.609546950292670     
   3.26097458333333        4.14978583333333      -0.618599455372866     
   3.26097458333333        4.44605625000000      -0.559263724826839     
   3.26097458333333        4.74232666666667      -0.469035471033252     
   3.26097458333333        5.03859708333333      -0.385925180208441     
   3.26097458333333        5.33486750000000      -0.321396854381404     
   3.26097458333333        5.63113791666667      -0.275943246845249     
   3.26097458333333        5.92740833333333      -0.245969693207315     
   3.26097458333333        6.22367875000000      -0.223493769053144     
   3.26097458333333        6.51994916666667      -0.206643216054946     
   3.26097458333333        6.81621958333333      -0.194124800244447     
   3.26097458333333        7.11249000000000      -0.184375013409038     
   3.55724500000000       2.000000000000000E-003 -0.437597923578072     
   3.55724500000000       0.298270416666667      -0.490966969331169     
   3.55724500000000       0.594540833333333      -0.548448424740368     
   3.55724500000000       0.890811250000000      -0.607364066793726     
   3.55724500000000        1.18708166666667      -0.670165143550243     
   3.55724500000000        1.48335208333333      -0.746676876084418     
   3.55724500000000        1.77962250000000      -0.816128421845630     
   3.55724500000000        2.07589291666667      -0.871320746780013     
   3.55724500000000        2.37216333333333      -0.906476916447868     
   3.55724500000000        2.66843375000000      -0.912971412978571     
   3.55724500000000        2.96470416666667      -0.880055045681779     
   3.55724500000000        3.26097458333333      -0.793677871921251     
   3.55724500000000        3.55724500000000      -0.647289888481943     
   3.55724500000000        3.85351541666667      -0.721516842641311     
   3.55724500000000        4.14978583333333      -0.723039946998546     
   3.55724500000000        4.44605625000000      -0.615813038526702     
   3.55724500000000        4.74232666666667      -0.496366618726446     
   3.55724500000000        5.03859708333333      -0.398890790159490     
   3.55724500000000        5.33486750000000      -0.327380877167805     
   3.55724500000000        5.63113791666667      -0.278571515467416     
   3.55724500000000        5.92740833333333      -0.247353550199816     
   3.55724500000000        6.22367875000000      -0.224319524161536     
   3.55724500000000        6.51994916666667      -0.207145408221541     
   3.55724500000000        6.81621958333333      -0.194453984123456     
   3.55724500000000        7.11249000000000      -0.184626254570340     
   3.85351541666667       2.000000000000000E-003 -0.433731884560477     
   3.85351541666667       0.298270416666667      -0.485798340753737     
   3.85351541666667       0.594540833333333      -0.541771663115932     
   3.85351541666667       0.890811250000000      -0.598779550679624     
   3.85351541666667        1.18708166666667      -0.658484015078865     
   3.85351541666667        1.48335208333333      -0.729574653419127     
   3.85351541666667        1.77962250000000      -0.794725373660439     
   3.85351541666667        2.07589291666667      -0.841999597211850     
   3.85351541666667        2.37216333333333      -0.865774259349018     
   3.85351541666667        2.66843375000000      -0.853345986299339     
   3.85351541666667        2.96470416666667      -0.791047314871481     
   3.85351541666667        3.26097458333333      -0.692495901369859     
   3.85351541666667        3.55724500000000      -0.632434005788310     
   3.85351541666667        3.85351541666667      -0.609654594764790     
   3.85351541666667        4.14978583333333      -0.618942462881780     
   3.85351541666667        4.44605625000000      -0.559522029945988     
   3.85351541666667        4.74232666666667      -0.469172133655735     
   3.85351541666667        5.03859708333333      -0.385976186207269     
   3.85351541666667        5.33486750000000      -0.321396435252815     
   3.85351541666667        5.63113791666667      -0.275917013250954     
   3.85351541666667        5.92740833333333      -0.245934913250769     
   3.85351541666667        6.22367875000000      -0.223459982798811     
   3.85351541666667        6.51994916666667      -0.206619545057380     
   3.85351541666667        6.81621958333333      -0.194117943994523     
   3.85351541666667        7.11249000000000      -0.184387044509441     
   4.14978583333333       2.000000000000000E-003 -0.422735116275365     
   4.14978583333333       0.298270416666667      -0.471070486275658     
   4.14978583333333       0.594540833333333      -0.522771388233005     
   4.14978583333333       0.890811250000000      -0.574592053469516     
   4.14978583333333        1.18708166666667      -0.626399908962246     
   4.14978583333333        1.48335208333333      -0.684538562475668     
   4.14978583333333        1.77962250000000      -0.736104116976748     
   4.14978583333333        2.07589291666667      -0.767460472081167     
   4.14978583333333        2.37216333333333      -0.771251860465066     
   4.14978583333333        2.66843375000000      -0.738164386620818     
   4.14978583333333        2.96470416666667      -0.671781400337675     
   4.14978583333333        3.26097458333333      -0.615332316252818     
   4.14978583333333        3.55724500000000      -0.582956812801914     
   4.14978583333333        3.85351541666667      -0.519183920213490     
   4.14978583333333        4.14978583333333      -0.489498750414496     
   4.14978583333333        4.44605625000000      -0.461818461192836     
   4.14978583333333        4.74232666666667      -0.412049850946002     
   4.14978583333333        5.03859708333333      -0.355859668233261     
   4.14978583333333        5.33486750000000      -0.306485454229595     
   4.14978583333333        5.63113791666667      -0.268891667067837     
   4.14978583333333        5.92740833333333      -0.242028253136745     
   4.14978583333333        6.22367875000000      -0.221093996357225     
   4.14978583333333        6.51994916666667      -0.205173366300538     
   4.14978583333333        6.81621958333333      -0.193182286193590     
   4.14978583333333        7.11249000000000      -0.183698633106715     
   4.44605625000000       2.000000000000000E-003 -0.406302402888400     
   4.44605625000000       0.298270416666667      -0.449049000752937     
   4.44605625000000       0.594540833333333      -0.494436762504513     
   4.44605625000000       0.890811250000000      -0.539040728725705     
   4.44605625000000        1.18708166666667      -0.581058416543909     
   4.44605625000000        1.48335208333333      -0.622226838642198     
   4.44605625000000        1.77962250000000      -0.659344572045217     
   4.44605625000000        2.07589291666667      -0.676412773520992     
   4.44605625000000        2.37216333333333      -0.668254333776423     
   4.44605625000000        2.66843375000000      -0.634643781418537     
   4.44605625000000        2.96470416666667      -0.587681088438825     
   4.44605625000000        3.26097458333333      -0.550885142737012     
   4.44605625000000        3.55724500000000      -0.516794778424537     
   4.44605625000000        3.85351541666667      -0.463927798901400     
   4.44605625000000        4.14978583333333      -0.421299174576198     
   4.44605625000000        4.44605625000000      -0.392500087840806     
   4.44605625000000        4.74232666666667      -0.360501806220523     
   4.44605625000000        5.03859708333333      -0.323946674603729     
   4.44605625000000        5.33486750000000      -0.288787206564498     
   4.44605625000000        5.63113791666667      -0.259729754688228     
   4.44605625000000        5.92740833333333      -0.236429254212177     
   4.44605625000000        6.22367875000000      -0.217665604563905     
   4.44605625000000        6.51994916666667      -0.203069938020570     
   4.44605625000000        6.81621958333333      -0.191813200548524     
   4.44605625000000        7.11249000000000      -0.182677539160132     
   4.74232666666667       2.000000000000000E-003 -0.386804242162408     
   4.74232666666667       0.298270416666667      -0.422919041708491     
   4.74232666666667       0.594540833333333      -0.460873031906220     
   4.74232666666667       0.890811250000000      -0.497492894120408     
   4.74232666666667        1.18708166666667      -0.530156008774648     
   4.74232666666667        1.48335208333333      -0.557959257345915     
   4.74232666666667        1.77962250000000      -0.580643412364096     
   4.74232666666667        2.07589291666667      -0.588896307443365     
   4.74232666666667        2.37216333333333      -0.578438794522720     
   4.74232666666667        2.66843375000000      -0.552370714692687     
   4.74232666666667        2.96470416666667      -0.519794445297129     
   4.74232666666667        3.26097458333333      -0.489587835633569     
   4.74232666666667        3.55724500000000      -0.457196956286858     
   4.74232666666667        3.85351541666667      -0.416932021319066     
   4.74232666666667        4.14978583333333      -0.379246919308245     
   4.74232666666667        4.44605625000000      -0.350110157008436     
   4.74232666666667        4.74232666666667      -0.324183030465943     
   4.74232666666667        5.03859708333333      -0.297944903405056     
   4.74232666666667        5.33486750000000      -0.272459998933784     
   4.74232666666667        5.63113791666667      -0.249775065283773     
   4.74232666666667        5.92740833333333      -0.230065802779065     
   4.74232666666667        6.22367875000000      -0.213690242358661     
   4.74232666666667        6.51994916666667      -0.200606698638919     
   4.74232666666667        6.81621958333333      -0.190201269796081     
   4.74232666666667        7.11249000000000      -0.181470879225724     
   5.03859708333333       2.000000000000000E-003 -0.366940400557640     
   5.03859708333333       0.298270416666667      -0.396222006505043     
   5.03859708333333       0.594540833333333      -0.426470279112415     
   5.03859708333333       0.890811250000000      -0.455112765091265     
   5.03859708333333        1.18708166666667      -0.479714790908556     
   5.03859708333333        1.48335208333333      -0.498536176765973     
   5.03859708333333        1.77962250000000      -0.510576030897779     
   5.03859708333333        2.07589291666667      -0.513968982236527     
   5.03859708333333        2.37216333333333      -0.505222696957528     
   5.03859708333333        2.66843375000000      -0.486488191829646     
   5.03859708333333        2.96470416666667      -0.462727461938423     
   5.03859708333333        3.26097458333333      -0.437347618153000     
   5.03859708333333        3.55724500000000      -0.409168238785945     
   5.03859708333333        3.85351541666667      -0.377570172798827     
   5.03859708333333        4.14978583333333      -0.347005871623514     
   5.03859708333333        4.44605625000000      -0.321089541743518     
   5.03859708333333        4.74232666666667      -0.298885343999468     
   5.03859708333333        5.03859708333333      -0.278269090549535     
   5.03859708333333        5.33486750000000      -0.258630277033685     
   5.03859708333333        5.63113791666667      -0.240178856597540     
   5.03859708333333        5.92740833333333      -0.223646622687825     
   5.03859708333333        6.22367875000000      -0.209559548725622     
   5.03859708333333        6.51994916666667      -0.197991757832574     
   5.03859708333333        6.81621958333333      -0.188495881160863     
   5.03859708333333        7.11249000000000      -0.180219099097378     
   5.33486750000000       2.000000000000000E-003 -0.348317910732709     
   5.33486750000000       0.298270416666667      -0.371300526521385     
   5.33486750000000       0.594540833333333      -0.394304914876398     
   5.33486750000000       0.890811250000000      -0.415767787749537     
   5.33486750000000        1.18708166666667      -0.433687349994971     
   5.33486750000000        1.48335208333333      -0.446461132969419     
   5.33486750000000        1.77962250000000      -0.453238022921797     
   5.33486750000000        2.07589291666667      -0.453359594469627     
   5.33486750000000        2.37216333333333      -0.446521729367075     
   5.33486750000000        2.66843375000000      -0.433149501536108     
   5.33486750000000        2.96470416666667      -0.415303035123905     
   5.33486750000000        3.26097458333333      -0.394464491756094     
   5.33486750000000        3.55724500000000      -0.370892706335542     
   5.33486750000000        3.85351541666667      -0.345495049683104     
   5.33486750000000        4.14978583333333      -0.320813038924992     
   5.33486750000000        4.44605625000000      -0.298994776681820     
   5.33486750000000        4.74232666666667      -0.280142608126755     
   5.33486750000000        5.03859708333333      -0.263074000723102     
   5.33486750000000        5.33486750000000      -0.246755037626535     
   5.33486750000000        5.63113791666667      -0.231416002724392     
   5.33486750000000        5.92740833333333      -0.217525626572711     
   5.33486750000000        6.22367875000000      -0.205503463672502     
   5.33486750000000        6.51994916666667      -0.195437679635780     
   5.33486750000000        6.81621958333333      -0.186879825137945     
   5.33486750000000        7.11249000000000      -0.179046259155719     
   5.63113791666667       2.000000000000000E-003 -0.331711298539823     
   5.63113791666667       0.298270416666667      -0.348967890527837     
   5.63113791666667       0.594540833333333      -0.365426661710195     
   5.63113791666667       0.890811250000000      -0.380791041118029     
   5.63113791666667        1.18708166666667      -0.393595275098573     
   5.63113791666667        1.48335208333333      -0.402314099786613     
   5.63113791666667        1.77962250000000      -0.406278744124027     
   5.63113791666667        2.07589291666667      -0.405346563316822     
   5.63113791666667        2.37216333333333      -0.399553308420053     
   5.63113791666667        2.66843375000000      -0.389428508200291     
   5.63113791666667        2.96470416666667      -0.375751563948583     
   5.63113791666667        3.26097458333333      -0.358988737361367     
   5.63113791666667        3.55724500000000      -0.339795577379797     
   5.63113791666667        3.85351541666667      -0.319348319325332     
   5.63113791666667        4.14978583333333      -0.299416391961081     
   5.63113791666667        4.44605625000000      -0.281406761739156     
   5.63113791666667        4.74232666666667      -0.265216664614324     
   5.63113791666667        5.03859708333333      -0.250317497608216     
   5.63113791666667        5.33486750000000      -0.236414039058574     
   5.63113791666667        5.63113791666667      -0.223515421375527     
   5.63113791666667        5.92740833333333      -0.211800416525072     
   5.63113791666667        6.22367875000000      -0.201623068914507     
   5.63113791666667        6.51994916666667      -0.193018088233028     
   5.63113791666667        6.81621958333333      -0.185443475671237     
   5.63113791666667        7.11249000000000      -0.178009699388756     
   5.92740833333333       2.000000000000000E-003 -0.317607077797371     
   5.92740833333333       0.298270416666667      -0.329621221386301     
   5.92740833333333       0.594540833333333      -0.340047899590287     
   5.92740833333333       0.890811250000000      -0.350386984151365     
   5.92740833333333        1.18708166666667      -0.359410207171553     
   5.92740833333333        1.48335208333333      -0.365441412643929     
   5.92740833333333        1.77962250000000      -0.367738600349834     
   5.92740833333333        2.07589291666667      -0.366400439443266     
   5.92740833333333        2.37216333333333      -0.361603584890507     
   5.92740833333333        2.66843375000000      -0.353521160720629     
   5.92740833333333        2.96470416666667      -0.342538965539939     
   5.92740833333333        3.26097458333333      -0.329101160016034     
   5.92740833333333        3.55724500000000      -0.313787756630539     
   5.92740833333333        3.85351541666667      -0.297504271873972     
   5.92740833333333        4.14978583333333      -0.281333587345487     
   5.92740833333333        4.44605625000000      -0.266072288453355     
   5.92740833333333        4.74232666666667      -0.252004806542619     
   5.92740833333333        5.03859708333333      -0.239087638146140     
   5.92740833333333        5.33486750000000      -0.227219799283923     
   5.92740833333333        5.63113791666667      -0.216255673255725     
   5.92740833333333        5.92740833333333      -0.206335303721466     
   5.92740833333333        6.22367875000000      -0.197750552349575     
   5.92740833333333        6.51994916666667      -0.190563577183517     
   5.92740833333333        6.81621958333333      -0.184096369914135     
   5.92740833333333        7.11249000000000      -0.177023987266135     
   6.22367875000000       2.000000000000000E-003 -0.305866506061903     
   6.22367875000000       0.298270416666667      -0.312762650568350     
   6.22367875000000       0.594540833333333      -0.317761272739089     
   6.22367875000000       0.890811250000000      -0.324544283539388     
   6.22367875000000        1.18708166666667      -0.330897059236173     
   6.22367875000000        1.48335208333333      -0.334878487495123     
   6.22367875000000        1.77962250000000      -0.335941771997360     
   6.22367875000000        2.07589291666667      -0.334284201643054     
   6.22367875000000        2.37216333333333      -0.330180657174938     
   6.22367875000000        2.66843375000000      -0.323640037881108     
   6.22367875000000        2.96470416666667      -0.314806298533344     
   6.22367875000000        3.26097458333333      -0.303988544404668     
   6.22367875000000        3.55724500000000      -0.291656711357588     
   6.22367875000000        3.85351541666667      -0.278452879512071     
   6.22367875000000        4.14978583333333      -0.265093087162257     
   6.22367875000000        4.44605625000000      -0.252180205103365     
   6.22367875000000        4.74232666666667      -0.240082337740622     
   6.22367875000000        5.03859708333333      -0.228959333306434     
   6.22367875000000        5.33486750000000      -0.218789331046724     
   6.22367875000000        5.63113791666667      -0.209415921952876     
   6.22367875000000        5.92740833333333      -0.200939727926438     
   6.22367875000000        6.22367875000000      -0.193588064857920     
   6.22367875000000        6.51994916666667      -0.187607656124408     
   6.22367875000000        6.81621958333333      -0.182463700890748     
   6.22367875000000        7.11249000000000      -0.175804859677067     
   6.51994916666667       2.000000000000000E-003 -0.294352860353872     
   6.51994916666667       0.298270416666667      -0.296224349127153     
   6.51994916666667       0.594540833333333      -0.298337440944459     
   6.51994916666667       0.890811250000000      -0.303535481344634     
   6.51994916666667        1.18708166666667      -0.307707227383484     
   6.51994916666667        1.48335208333333      -0.309667598140591     
   6.51994916666667        1.77962250000000      -0.309478753797338     
   6.51994916666667        2.07589291666667      -0.307403638520918     
   6.51994916666667        2.37216333333333      -0.303665444582704     
   6.51994916666667        2.66843375000000      -0.298239436265443     
   6.51994916666667        2.96470416666667      -0.291088030806879     
   6.51994916666667        3.26097458333333      -0.282366915491210     
   6.51994916666667        3.55724500000000      -0.272385789640134     
   6.51994916666667        3.85351541666667      -0.261584739363487     
   6.51994916666667        4.14978583333333      -0.250475385775100     
   6.51994916666667        4.44605625000000      -0.239544759490920     
   6.51994916666667        4.74232666666667      -0.229172258235722     
   6.51994916666667        5.03859708333333      -0.219605435152708     
   6.51994916666667        5.33486750000000      -0.210851266779216     
   6.51994916666667        5.63113791666667      -0.202839030188248     
   6.51994916666667        5.92740833333333      -0.195559448146914     
   6.51994916666667        6.22367875000000      -0.189034538659182     
   6.51994916666667        6.51994916666667      -0.183573321904452     
   6.51994916666667        6.81621958333333      -0.179624298364773     
   6.51994916666667        7.11249000000000      -0.173784292882090     
   6.81621958333333       2.000000000000000E-003 -0.277138876587580     
   6.81621958333333       0.298270416666667      -0.278543656262169     
   6.81621958333333       0.594540833333333      -0.283610051633393     
   6.81621958333333       0.890811250000000      -0.287162020334218     
   6.81621958333333        1.18708166666667      -0.288561697999970     
   6.81621958333333        1.48335208333333      -0.288388362961129     
   6.81621958333333        1.77962250000000      -0.286961119247250     
   6.81621958333333        2.07589291666667      -0.284427355356800     
   6.81621958333333        2.37216333333333      -0.280879801373981     
   6.81621958333333        2.66843375000000      -0.276257172103855     
   6.81621958333333        2.96470416666667      -0.270409025811310     
   6.81621958333333        3.26097458333333      -0.263357069594572     
   6.81621958333333        3.55724500000000      -0.255261329941540     
   6.81621958333333        3.85351541666667      -0.246399491705141     
   6.81621958333333        4.14978583333333      -0.237141285605496     
   6.81621958333333        4.44605625000000      -0.227887078142907     
   6.81621958333333        4.74232666666667      -0.218996072878798     
   6.81621958333333        5.03859708333333      -0.210737021882873     
   6.81621958333333        5.33486750000000      -0.203201448862687     
   6.81621958333333        5.63113791666667      -0.196394519335508     
   6.81621958333333        5.92740833333333      -0.190258218177540     
   6.81621958333333        6.22367875000000      -0.184596912824409     
   6.81621958333333        6.51994916666667      -0.179170146781142     
   6.81621958333333        6.81621958333333      -0.174607740109894     
   6.81621958333333        7.11249000000000      -0.169931774732126     
   7.11249000000000       2.000000000000000E-003 -0.256653950143402     
   7.11249000000000       0.298270416666667      -0.266322562738568     
   7.11249000000000       0.594540833333333      -0.270189671936753     
   7.11249000000000       0.890811250000000      -0.271060586422075     
   7.11249000000000        1.18708166666667      -0.270547850036340     
   7.11249000000000        1.48335208333333      -0.269135338800356     
   7.11249000000000        1.77962250000000      -0.267025906724716     
   7.11249000000000        2.07589291666667      -0.264299081623772     
   7.11249000000000        2.37216333333333      -0.260952663805296     
   7.11249000000000        2.66843375000000      -0.256967055754113     
   7.11249000000000        2.96470416666667      -0.252141576285936     
   7.11249000000000        3.26097458333333      -0.246409733821897     
   7.11249000000000        3.55724500000000      -0.239819478622048     
   7.11249000000000        3.85351541666667      -0.232527252043546     
   7.11249000000000        4.14978583333333      -0.224797366175458     
   7.11249000000000        4.44605625000000      -0.216956921059272     
   7.11249000000000        4.74232666666667      -0.209327345830673     
   7.11249000000000        5.03859708333333      -0.202167760244992     
   7.11249000000000        5.33486750000000      -0.195654557557371     
   7.11249000000000        5.63113791666667      -0.189854320605242     
   7.11249000000000        5.92740833333333      -0.184746755388480     
   7.11249000000000        6.22367875000000      -0.180183780280020     
   7.11249000000000        6.51994916666667      -0.175771001327791     
   7.11249000000000        6.81621958333333      -0.170534278595382     
   7.11249000000000        7.11249000000000      -0.163906975151435     
